676 6
9.9999600001600030e-07	9.9999600001600030e-07	9.9999500002000030e-01	9.9999600001600030e-07	9.9999600001600030e-07	9.9999600001600030e-07
9.9999600001600008e-07	9.9999600001600008e-07	9.9999600001600008e-07	8.1233126671721279e-01	1.8766473329878736e-01	9.9999600001600008e-07
9.9999600001600030e-07	9.9999600001600030e-07	9.9999500002000030e-01	9.9999600001600030e-07	9.9999600001600030e-07	9.9999600001600030e-07
9.9999600001600008e-07	9.9999600001600008e-07	9.9999600001600008e-07	9.9999500002000008e-01	9.9999600001600008e-07	9.9999600001600008e-07
9.9999700000900087e-07	1.3262890953600165e-01	1.3876715356949942e-01	7.2860093690349925e-01	9.9999700000900087e-07	9.9999700000900087e-07
9.9999600001600008e-07	9.9999600001600008e-07	7.5966543785592189e-01	2.4033056216007836e-01	9.9999600001600008e-07	9.9999600001600008e-07
9.9999600001600030e-07	9.9999600001600030e-07	9.9999500002000030e-01	9.9999600001600030e-07	9.9999600001600030e-07	9.9999600001600030e-07
7.8525857502112162e-02	9.9999600001599903e-07	9.2147014251388804e-01	9.9999600001599903e-07	9.9999600001599903e-07	9.9999600001599903e-07
9.9999600001600114e-07	9.9999600001600114e-07	4.6125991186528714e-01	5.3873608815071294e-01	9.9999600001600114e-07	9.9999600001600114e-07
9.9999500002000030e-01	9.9999600001600030e-07	9.9999600001600030e-07	9.9999600001600030e-07	9.9999600001600030e-07	9.9999600001600030e-07
9.9999600001600030e-07	9.9999600001600030e-07	9.9999500002000030e-01	9.9999600001600030e-07	9.9999600001600030e-07	9.9999600001600030e-07
1.5994545621724443e-01	9.9999600001599924e-07	9.9999600001599924e-07	8.4005054379875577e-01	9.9999600001599924e-07	9.9999600001599924e-07
9.9999600001600008e-07	9.9999600001600008e-07	9.9999600001600008e-07	9.9999500002000008e-01	9.9999600001600008e-07	9.9999600001600008e-07
9.9999600001600008e-07	9.9999600001600008e-07	9.9999600001600008e-07	9.9999500002000008e-01	9.9999600001600008e-07	9.9999600001600008e-07
9.9999600001600030e-07	9.9999600001600030e-07	9.9999500002000030e-01	9.9999600001600030e-07	9.9999600001600030e-07	9.9999600001600030e-07
9.9999600001600030e-07	9.9999600001600030e-07	9.9999500002000030e-01	9.9999600001600030e-07	9.9999600001600030e-07	9.9999600001600030e-07
9.9999600001600030e-07	9.9999600001600030e-07	9.9999500002000030e-01	9.9999600001600030e-07	9.9999600001600030e-07	9.9999600001600030e-07
6.0668550360388804e-02	6.3856101725984936e-03	3.1733317541572603e-01	6.1561066405528697e-01	9.9999800000400022e-07	9.9999800000400022e-07
9.9999600001600008e-07	9.9999600001600008e-07	6.9649664932113553e-01	3.0349935069486472e-01	9.9999600001600008e-07	9.9999600001600008e-07
9.9999600001600030e-07	9.9999600001600030e-07	9.9999500002000030e-01	9.9999600001600030e-07	9.9999600001600030e-07	9.9999600001600030e-07
9.9999600001599945e-07	2.0117757660029811e-01	7.9881842341570208e-01	9.9999600001599945e-07	9.9999600001599945e-07	9.9999600001599945e-07
1.5615052513740130e-01	9.9999600001600051e-07	9.9999600001600051e-07	8.4384547487859884e-01	9.9999600001600051e-07	9.9999600001600051e-07
1.2519171805739945e-01	9.9999600001600008e-07	8.7480428195860083e-01	9.9999600001600008e-07	9.9999600001600008e-07	9.9999600001600008e-07
2.8221337119913859e-01	9.9999600001599987e-07	9.9999600001599987e-07	7.1778262881686161e-01	9.9999600001599987e-07	9.9999600001599987e-07
4.8679334352423581e-01	8.4266558924538965e-02	3.7312756336287711e-01	5.5810534192348250e-02	9.9999800000399938e-07	9.9999800000399938e-07
9.9999700000899981e-07	2.1565522553991214e-02	8.5360299746997104e-01	1.2482847998503782e-01	9.9999700000899981e-07	9.9999700000899981e-07
9.9999700000900002e-07	5.1699386805625627e-03	2.1059784881455823e-01	7.8422921251387945e-01	9.9999700000900002e-07	9.9999700000900002e-07
9.9999500002000030e-01	9.9999600001600030e-07	9.9999600001600030e-07	9.9999600001600030e-07	9.9999600001600030e-07	9.9999600001600030e-07
2.1428114819355351e-01	9.9999700000900002e-07	2.3979219705661670e-01	5.4592365475882998e-01	9.9999700000900002e-07	9.9999700000900002e-07
9.9999600001600030e-07	9.9999600001600030e-07	9.9999500002000030e-01	9.9999600001600030e-07	9.9999600001600030e-07	9.9999600001600030e-07
9.9999600001600008e-07	9.9999600001600008e-07	9.9999600001600008e-07	9.9999500002000008e-01	9.9999600001600008e-07	9.9999600001600008e-07
9.9999600001600030e-07	1.0195421043812419e-01	9.9999600001600030e-07	8.9804178957787606e-01	9.9999600001600030e-07	9.9999600001600030e-07
9.9999600001600030e-07	9.9999500002000030e-01	9.9999600001600030e-07	9.9999600001600030e-07	9.9999600001600030e-07	9.9999600001600030e-07
9.9999600001600008e-07	9.9999600001600008e-07	3.0651477489965530e-02	9.6934452252603465e-01	9.9999600001600008e-07	9.9999600001600008e-07
9.9999600001599987e-07	9.9999600001599987e-07	1.8192388016954125e-01	8.1807211984645900e-01	9.9999600001599987e-07	9.9999600001599987e-07
9.9999700000900002e-07	8.5054689601513050e-02	8.3700848101031816e-02	8.3124146230645524e-01	9.9999700000900002e-07	9.9999700000900002e-07
9.9999600001600008e-07	9.9999600001600008e-07	7.7690585009811880e-02	9.2230541500618823e-01	9.9999600001600008e-07	9.9999600001600008e-07
9.9999600001599987e-07	9.9999600001599987e-07	1.5043109806689145e-01	8.4956490194910872e-01	9.9999600001599987e-07	9.9999600001599987e-07
9.9999600001600008e-07	9.9999600001600008e-07	9.9999600001600008e-07	9.9999600001600008e-07	9.9999600001600008e-07	9.9999500002000008e-01
9.9999700000900044e-07	8.5025326092791687e-01	9.9999700000900044e-07	8.4240090863297368e-02	6.5503648217785829e-02	9.9999700000900044e-07
9.9999600001599966e-07	9.9999600001599966e-07	1.2208752640394294e-01	8.7790847361205715e-01	9.9999600001599966e-07	9.9999600001599966e-07
9.9999700000900023e-07	7.9239791092549680e-02	4.5169852045825201e-02	8.7558735687062539e-01	9.9999700000900023e-07	9.9999700000900023e-07
9.9999600001599987e-07	9.9999600001599987e-07	1.0144331331861260e-01	8.9855268669738764e-01	9.9999600001599987e-07	9.9999600001599987e-07
2.2768045864681669e-01	3.5920655200720547e-02	2.8416595873226314e-02	3.9511964820925732e-01	7.9855528527873185e-02	2.3300711354210613e-01
9.9999600001599966e-07	9.9999600001599966e-07	1.2445055740012201e-01	8.7554544261587819e-01	9.9999600001599966e-07	9.9999600001599966e-07
1.4086160363610282e-03	9.9999700000899960e-07	3.1521802338964844e-01	6.8337036058299061e-01	9.9999700000899960e-07	9.9999700000899960e-07
9.9999600001599966e-07	9.9999600001599966e-07	1.2446870765309974e-01	8.7552729236290039e-01	9.9999600001599966e-07	9.9999600001599966e-07
3.3912603320071545e-02	1.1900149497424781e-02	2.3849077100303531e-01	7.1569447618346860e-01	9.9999800000400001e-07	9.9999800000400001e-07
9.9999600001599966e-07	9.9999600001599966e-07	2.5694643249676197e-01	7.4304956751923812e-01	9.9999600001599966e-07	9.9999600001599966e-07
1.4353393391575119e-02	9.9999700000899981e-07	1.8039270163235260e-01	8.0525090498507246e-01	9.9999700000899981e-07	9.9999700000899981e-07
9.9999600001599987e-07	9.9999600001599987e-07	1.4326047801080974e-01	8.5673552200519043e-01	9.9999600001599987e-07	9.9999600001599987e-07
9.9999600001600030e-07	9.9999600001600030e-07	1.1710959377110150e-01	8.8288640624489878e-01	9.9999600001600030e-07	9.9999600001600030e-07
9.9999600001599987e-07	9.9999600001599987e-07	1.6447590255759492e-01	8.3552009745840516e-01	9.9999600001599987e-07	9.9999600001599987e-07
9.9999600001600008e-07	9.9999600001600008e-07	9.9999600001600008e-07	9.9999500002000008e-01	9.9999600001600008e-07	9.9999600001600008e-07
9.9999600001599987e-07	9.9999600001599987e-07	1.9598508053654853e-01	8.0401091947945169e-01	9.9999600001599987e-07	9.9999600001599987e-07
8.0063842194843596e-03	9.9999700000900002e-07	3.6501756231452182e-01	6.2697305347499410e-01	9.9999700000900002e-07	9.9999700000900002e-07
1.7277347337275307e-02	9.9999700000900002e-07	1.7461259261252421e-01	8.0810706005920074e-01	9.9999700000900002e-07	9.9999700000900002e-07
9.9999600001599966e-07	9.9999600001599966e-07	1.6886545789456420e-01	8.3113054212143589e-01	9.9999600001599966e-07	9.9999600001599966e-07
9.9999600001599987e-07	9.9999600001599987e-07	1.2940044285209623e-01	8.7059555716390402e-01	9.9999600001599987e-07	9.9999600001599987e-07
9.9999600001600008e-07	9.9999600001600008e-07	2.2683519811221961e-01	7.7316080190378056e-01	9.9999600001600008e-07	9.9999600001600008e-07
9.9999600001599987e-07	9.9999600001599987e-07	1.0410988900712215e-01	8.9588611100887794e-01	9.9999600001599987e-07	9.9999600001599987e-07
9.9999600001599987e-07	9.9999600001599987e-07	8.2950839726980585e-01	1.7048760274619434e-01	9.9999600001599987e-07	9.9999600001599987e-07
9.4433438149049309e-02	9.9999800000400001e-07	7.3283536756345258e-01	1.7200110185788595e-01	7.2809243361216045e-04	9.9999800000400001e-07
9.9999600001600030e-07	9.9999600001600030e-07	6.7647068091370854e-01	3.2352531910229165e-01	9.9999600001600030e-07	9.9999600001600030e-07
5.2987600558758008e-01	9.9999600001600008e-07	4.7011999442842006e-01	9.9999600001600008e-07	9.9999600001600008e-07	9.9999600001600008e-07
9.2096695702083259e-02	1.2736111246663703e-02	6.8656112354315590e-01	2.0860406951209734e-01	9.9999800000400001e-07	9.9999800000400001e-07
9.9999700000900023e-07	1.5761210459213564e-02	5.4182711800988859e-01	4.4240867153989810e-01	9.9999700000900023e-07	9.9999700000900023e-07
9.9999600001599987e-07	9.9999600001599987e-07	8.0913735855211577e-01	1.9085864146388451e-01	9.9999600001599987e-07	9.9999600001599987e-07
9.9999600001599966e-07	9.9999600001599966e-07	8.7271773519205775e-01	1.2727826482394244e-01	9.9999600001599966e-07	9.9999600001599966e-07
9.9999700000899981e-07	1.2517504785817304e-02	8.2146571399434831e-01	1.6601378122883440e-01	9.9999700000899981e-07	9.9999700000899981e-07
1.3252098072635429e-01	9.9999700000899981e-07	6.0770070595948056e-01	2.5977531332316539e-01	9.9999700000899981e-07	9.9999700000899981e-07
9.9999700000900023e-07	1.5630191494974050e-03	6.5303880374642731e-01	3.4539517711307555e-01	9.9999700000900023e-07	9.9999700000900023e-07
8.7958784671345136e-01	9.9999600001599987e-07	1.2040815330254888e-01	9.9999600001599987e-07	9.9999600001599987e-07	9.9999600001599987e-07
9.9999500002000030e-01	9.9999600001600030e-07	9.9999600001600030e-07	9.9999600001600030e-07	9.9999600001600030e-07	9.9999600001600030e-07
3.5702385242539403e-01	9.9999600001600030e-07	6.4297214759060617e-01	9.9999600001600030e-07	9.9999600001600030e-07	9.9999600001600030e-07
9.9999700000899981e-07	9.7816322819972035e-03	8.2132759147396861e-01	1.6888777625303433e-01	9.9999700000899981e-07	9.9999700000899981e-07
5.4936153631278417e-01	9.9999600001599966e-07	4.5063446370321597e-01	9.9999600001599966e-07	9.9999600001599966e-07	9.9999600001599966e-07
9.9999700000900002e-07	1.3813388312638467e-02	7.1285099737939717e-01	2.7333261431696448e-01	9.9999700000900002e-07	9.9999700000900002e-07
2.2296966578966664e-02	2.8508935787651027e-02	2.9258845262638966e-01	6.0834485196774357e-01	4.8259793040249188e-02	9.9999900000100006e-07
9.9999600001599987e-07	3.4069773598964008e-02	9.9999600001599987e-07	9.9999600001599987e-07	9.6592622641703618e-01	9.9999600001599987e-07
9.9999600001599966e-07	1.7437241214990892e-01	9.9999600001599966e-07	9.9999600001599966e-07	8.2562358786609114e-01	9.9999600001599966e-07
9.9999700000900002e-07	3.4277109376781335e-02	9.9999700000900002e-07	9.9999700000900002e-07	9.3425016823654158e-02	8.7229487380856452e-01
9.9999600001600008e-07	1.7313644033983383e-01	9.9999600001600008e-07	9.9999600001600008e-07	8.2685955967616620e-01	9.9999600001600008e-07
9.9999600001600008e-07	9.9999600001600008e-07	9.9999600001600008e-07	9.9999600001600008e-07	9.9999500002000008e-01	9.9999600001600008e-07
9.9999600001600008e-07	9.9999600001600008e-07	9.9999600001600008e-07	9.9999600001600008e-07	9.9999500002000008e-01	9.9999600001600008e-07
1.4072291156888347e-03	3.3280094166837401e-02	9.9999700000899960e-07	9.9999700000899960e-07	9.6530967672647372e-01	9.9999700000899960e-07
9.9999700000900002e-07	1.2936638270031431e-01	9.9999700000900002e-07	9.9999700000900002e-07	8.0055606980867566e-01	7.0074547500010076e-02
9.9999600001599987e-07	6.4656020372627868e-02	9.9999600001599987e-07	9.9999600001599987e-07	9.3533997964337223e-01	9.9999600001599987e-07
9.9999600001599987e-07	5.7097770772563838e-02	9.9999600001599987e-07	9.9999600001599987e-07	9.4289822924343614e-01	9.9999600001599987e-07
9.9999700000900002e-07	1.0754582991529094e-01	9.9999700000900002e-07	9.9999700000900002e-07	7.8030655258343928e-01	1.1214461751026993e-01
9.9999600001600030e-07	9.9999500002000030e-01	9.9999600001600030e-07	9.9999600001600030e-07	9.9999600001600030e-07	9.9999600001600030e-07
9.9999500002000030e-01	9.9999600001600030e-07	9.9999600001600030e-07	9.9999600001600030e-07	9.9999600001600030e-07	9.9999600001600030e-07
8.4396824011580018e-01	1.5602775990020004e-01	9.9999600001599966e-07	9.9999600001599966e-07	9.9999600001599966e-07	9.9999600001599966e-07
9.9999600001600030e-07	9.9999500002000030e-01	9.9999600001600030e-07	9.9999600001600030e-07	9.9999600001600030e-07	9.9999600001600030e-07
2.0127629196975820e-03	9.9999700000899960e-07	9.9999700000899960e-07	9.9999700000899960e-07	2.8060601664795776e-01	7.1737822044134458e-01
9.9999700000900002e-07	1.7067383185252059e-02	9.9999700000900002e-07	9.9999700000900002e-07	9.0774732516723911e-01	7.5182291656508887e-02
9.9999600001600008e-07	9.9999600001600008e-07	1.8221874270803295e-02	9.9999600001600008e-07	9.8177412574519674e-01	9.9999600001600008e-07
9.9999700000900023e-07	8.5873629613883729e-02	9.9999700000900023e-07	9.9999700000900023e-07	8.6491460267981313e-01	4.9208767715303137e-02
6.8677152130939792e-02	9.9999600001599987e-07	9.9999600001599987e-07	9.9999600001599987e-07	9.9999600001599987e-07	9.3131884788506014e-01
9.9999700000900002e-07	9.0565907355390163e-02	5.2261852378267240e-03	9.9999700000900002e-07	9.0420490741578330e-01	9.9999700000900002e-07
9.9999600001600008e-07	9.9999600001600008e-07	9.9999600001600008e-07	9.9999600001600008e-07	9.9999600001600008e-07	9.9999500002000008e-01
9.9999800000400001e-07	9.2632365972462077e-02	3.9477420064967531e-02	9.9999800000400001e-07	7.3353471023123695e-01	1.3435350373533339e-01
9.9999600001600008e-07	9.9999600001600008e-07	9.9999600001600008e-07	9.9999600001600008e-07	9.9999600001600008e-07	9.9999500002000008e-01
2.3958452125623888e-02	1.1918978226215436e-04	9.9999700000900023e-07	9.9999700000900023e-07	9.9999700000900023e-07	9.7591935810111408e-01
9.9999700000900002e-07	9.9907121790989414e-02	9.9999700000900002e-07	9.9999700000900002e-07	5.9315071522453233e-01	3.0693916299347823e-01
3.5569623773029961e-02	2.9020550163058025e-02	9.9999700000899981e-07	9.9999700000899981e-07	9.9999700000899981e-07	9.3540682607291203e-01
9.9999800000400001e-07	1.2090392425141651e-01	9.9999800000400001e-07	1.6415731051310240e-03	8.6262039142620162e-01	1.4832111221250735e-02
9.9999700000899981e-07	5.0205340036436313e-02	9.9999700000899981e-07	1.5293753759777600e-02	9.9999700000899981e-07	9.3449790621278606e-01
9.9999600001600030e-07	6.4327425730672194e-01	9.9999600001600030e-07	9.9999600001600030e-07	9.9999600001600030e-07	3.5672174270927803e-01
8.7999318166271623e-01	9.9999600001599987e-07	1.2000281835328401e-01	9.9999600001599987e-07	9.9999600001599987e-07	9.9999600001599987e-07
9.9999600001600030e-07	9.9999600001600030e-07	9.9999500002000030e-01	9.9999600001600030e-07	9.9999600001600030e-07	9.9999600001600030e-07
9.9999600001599966e-07	2.0660319039961234e-01	7.9339280961638781e-01	9.9999600001599966e-07	9.9999600001599966e-07	9.9999600001599966e-07
9.9999600001600030e-07	9.9999600001600030e-07	9.9999500002000030e-01	9.9999600001600030e-07	9.9999600001600030e-07	9.9999600001600030e-07
9.9999700000900002e-07	2.1266024778513293e-01	6.5649605130366639e-01	1.3084070092020089e-01	9.9999700000900002e-07	9.9999700000900002e-07
9.9999600001600030e-07	9.9999600001600030e-07	9.9999500002000030e-01	9.9999600001600030e-07	9.9999600001600030e-07	9.9999600001600030e-07
1.9790342330845823e-01	6.2142600138593862e-01	9.9999700000900023e-07	9.9999700000900023e-07	9.9999700000900023e-07	1.8066757531460309e-01
4.6662922180181520e-03	6.0710604162587417e-02	9.9999800000400022e-07	9.9999800000400022e-07	9.3215336206730171e-01	2.4677415560927615e-03
3.0487234271167906e-02	1.2204430516543054e-01	9.9999800000400001e-07	9.9999800000400001e-07	8.4277911611165457e-01	4.6873444557470681e-03
9.9999600001600008e-07	9.9999600001600008e-07	9.9999600001600008e-07	9.9999600001600008e-07	9.9999600001600008e-07	9.9999500002000008e-01
2.1045991615943258e-02	6.0918610706902554e-01	9.9999800000400001e-07	9.9999800000400001e-07	2.8883426342190016e-01	8.0931637897131051e-02
9.9999700000900002e-07	1.5153126373452178e-01	9.9999700000900002e-07	9.9999700000900002e-07	8.1478021074862861e-01	3.3685525525849518e-02
9.9999600001599966e-07	6.8018350869128372e-02	9.9999600001599966e-07	9.9999600001599966e-07	9.3197764914687176e-01	9.9999600001599966e-07
9.9999700000900002e-07	8.1157293423105492e-01	9.9999700000900002e-07	9.9999700000900002e-07	7.5558054640549058e-02	1.1286601113739587e-01
9.9999600001599987e-07	3.0718138797695538e-01	9.9999600001599987e-07	9.9999600001599987e-07	6.9281461203904482e-01	9.9999600001599987e-07
9.9999600001600008e-07	9.9999600001600008e-07	2.4727197230536185e-01	9.9999600001600008e-07	7.5272402771063818e-01	9.9999600001600008e-07
9.9999700000900002e-07	9.2475444797247647e-02	9.9999700000900002e-07	9.9999700000900002e-07	8.2275698200647629e-01	8.4764573205276125e-02
9.9999600001599987e-07	2.9464898527890880e-02	9.9999600001599987e-07	9.9999600001599987e-07	9.7053110148810917e-01	9.9999600001599987e-07
9.9999600001600008e-07	9.9999600001600008e-07	9.9999600001600008e-07	9.9999600001600008e-07	9.9999500002000008e-01	9.9999600001600008e-07
2.2393632027016705e-02	1.0909199857579077e-02	9.9999800000400022e-07	9.9999800000400022e-07	9.5762428189188054e-01	9.0708862275237293e-03
9.9999600001600008e-07	1.2407442431156299e-01	9.9999600001600008e-07	9.9999600001600008e-07	8.7592157570443718e-01	9.9999600001600008e-07
9.9999700000899981e-07	3.7422860309373328e-02	9.9999700000899981e-07	9.9999700000899981e-07	9.3611000455958904e-01	2.6464135140037672e-02
9.9999600001600008e-07	9.9999600001600008e-07	9.9999600001600008e-07	9.9999600001600008e-07	9.9999600001600008e-07	9.9999500002000008e-01
9.9999600001600008e-07	9.9999600001600008e-07	9.9999600001600008e-07	9.9999600001600008e-07	9.9999500002000008e-01	9.9999600001600008e-07
9.9999700000899981e-07	6.0202650423778099e-02	9.9999700000899981e-07	9.9999700000899981e-07	9.3338391735046655e-01	6.4104322347553217e-03
9.9999600001600008e-07	9.9999600001600008e-07	9.9999600001600008e-07	9.9999600001600008e-07	9.9999600001600008e-07	9.9999500002000008e-01
9.9999600001599966e-07	9.9999600001599966e-07	9.9999600001599966e-07	9.9999600001599966e-07	9.3218283210323227e-01	6.7813167912767591e-02
9.9999600001599987e-07	1.1175397268210782e-01	9.9999600001599987e-07	9.9999600001599987e-07	8.8824202733389224e-01	9.9999600001599987e-07
9.9999600001600008e-07	7.8990367803624353e-02	9.9999600001600008e-07	9.9999600001600008e-07	9.2100563221237575e-01	9.9999600001600008e-07
4.8701908581051364e-03	6.1223138036858346e-02	9.9999800000400001e-07	9.9999800000400001e-07	9.3132404921513545e-01	2.5806218939012013e-03
9.9999700000900002e-07	4.3346790809503211e-02	9.9999700000900002e-07	9.9999700000900002e-07	8.7559052205594490e-01	8.1059687143551939e-02
9.9999600001600008e-07	9.9999600001600008e-07	9.9999600001600008e-07	9.9999600001600008e-07	9.9999600001600008e-07	9.9999500002000008e-01
9.9999700000899981e-07	1.7295060053774203e-01	9.9999700000899981e-07	9.9999700000899981e-07	8.1644465276458611e-01	1.0601746706671933e-02
9.9999600001600008e-07	9.9999600001600008e-07	9.9999600001600008e-07	9.9999600001600008e-07	9.9999500002000008e-01	9.9999600001600008e-07
9.9999600001600008e-07	9.9999600001600008e-07	9.9999600001600008e-07	9.9999600001600008e-07	9.9999600001600008e-07	9.9999500002000008e-01
9.9999600001600008e-07	6.0924451620473059e-02	9.9999600001600008e-07	9.9999600001600008e-07	9.3907154839552709e-01	9.9999600001600008e-07
9.9999700000900002e-07	1.4057534128112670e-01	9.9999700000900002e-07	9.9999700000900002e-07	7.6382470859552865e-01	9.5596950132344621e-02
9.9999700000900023e-07	3.0466128093679878e-02	9.9999700000900023e-07	9.9999700000900023e-07	8.9973403334061119e-01	6.9796838574709072e-02
9.9999600001599987e-07	5.3945727492127643e-02	9.9999600001599987e-07	9.9999600001599987e-07	9.4605027252387242e-01	9.9999600001599987e-07
9.9999600001600008e-07	8.0898979909331370e-02	9.9999600001600008e-07	9.9999600001600008e-07	9.1909702010666872e-01	9.9999600001600008e-07
9.9999600001599966e-07	1.2426111698229851e-01	9.9999600001599966e-07	9.9999600001599966e-07	8.7573488303370151e-01	9.9999600001599966e-07
9.9999600001600008e-07	9.9999600001600008e-07	9.9999600001600008e-07	9.9999600001600008e-07	9.9999600001600008e-07	9.9999500002000008e-01
9.9999700000899981e-07	4.8746777754524759e-04	9.9999700000899981e-07	9.9999700000899981e-07	9.9343504263170879e-01	6.0744895997460208e-03
9.9999700000900044e-07	2.0727727832026695e-02	9.9999700000900044e-07	9.9999700000900044e-07	9.4061347835555709e-01	3.8655793821416401e-02
9.9999600001599987e-07	9.9999600001599987e-07	9.9999600001599987e-07	9.9999600001599987e-07	9.7943042815849413e-01	2.0565571857505877e-02
1.0354334164698468e-02	6.8623911705555152e-02	9.9999800000399980e-07	9.9999800000399980e-07	7.8031948932374251e-01	1.4070026481000389e-01
9.9999600001600008e-07	9.9999600001600008e-07	9.9999600001600008e-07	9.9999600001600008e-07	9.9999500002000008e-01	9.9999600001600008e-07
2.8270172762951944e-03	2.0215950621239077e-02	1.1579315959968663e-02	9.9999800000400001e-07	9.6537571614649720e-01	9.9999800000400001e-07
9.9999600001600008e-07	9.9999600001600008e-07	9.9999600001600008e-07	9.9999600001600008e-07	9.6459566373507100e-01	3.5400336280929028e-02
9.9999600001599987e-07	5.0067419728192744e-02	9.9999600001599987e-07	9.9999600001599987e-07	9.4992858028780724e-01	9.9999600001599987e-07
9.9999700000900002e-07	2.2731575275142107e-03	9.9999700000900002e-07	9.9999700000900002e-07	9.9102513983217821e-01	6.6987026493077377e-03
9.9999600001600008e-07	9.9999600001600008e-07	9.9999600001600008e-07	9.9999600001600008e-07	9.9999500002000008e-01	9.9999600001600008e-07
9.9999600001600008e-07	9.9999600001600008e-07	9.9999600001600008e-07	9.9999600001600008e-07	9.9999600001600008e-07	9.9999500002000008e-01
9.9999600001600008e-07	1.2918323923047165e-01	9.9999600001600008e-07	9.9999600001600008e-07	8.7081276078552838e-01	9.9999600001600008e-07
1.0759665482405433e-02	9.9999600001599966e-07	9.9999600001599966e-07	9.9999600001599966e-07	9.8923633453359472e-01	9.9999600001599966e-07
9.9999600001599987e-07	2.7564005782539747e-02	9.9999600001599987e-07	9.9999600001599987e-07	9.7243199423346016e-01	9.9999600001599987e-07
9.9999600001599987e-07	4.7699053122529020e-02	9.9999600001599987e-07	9.9999600001599987e-07	9.5229694689347100e-01	9.9999600001599987e-07
9.9999600001600008e-07	1.4271355951379960e-01	9.9999600001600008e-07	9.9999600001600008e-07	8.5728244050220048e-01	9.9999600001600008e-07
9.9999600001600008e-07	9.9999600001600008e-07	9.9999600001600008e-07	9.9999600001600008e-07	9.9999500002000008e-01	9.9999600001600008e-07
9.9999600001600008e-07	9.9999600001600008e-07	9.9999600001600008e-07	9.9999600001600008e-07	9.9999500002000008e-01	9.9999600001600008e-07
9.9999700000899960e-07	1.2704357017168960e-01	9.9999700000899960e-07	9.9999700000899960e-07	8.1778853380542338e-01	5.5164896031887019e-02
9.9999800000400001e-07	9.9999800000400001e-07	1.4677156852605665e-02	4.2503684959788526e-03	9.7333035674167134e-01	7.7401179137441319e-03
9.9999600001600008e-07	9.9999600001600008e-07	9.9999600001600008e-07	9.9999600001600008e-07	9.9999600001600008e-07	9.9999500002000008e-01
9.9999600001600008e-07	4.0756265244815799e-02	9.9999600001600008e-07	9.9999600001600008e-07	9.9999600001600008e-07	9.5923973477118429e-01
9.9999700000900002e-07	1.0503143692049399e-01	9.9999700000900002e-07	9.9999700000900002e-07	8.0264648011964723e-01	9.2319082968858837e-02
9.9999600001599945e-07	9.9999600001599945e-07	9.9999600001599945e-07	9.9999600001599945e-07	9.9339060112516842e-01	6.6053988908314782e-03
9.9999600001600008e-07	9.9999600001600008e-07	9.9999600001600008e-07	9.9999600001600008e-07	9.9999500002000008e-01	9.9999600001600008e-07
9.9999600001599987e-07	1.6611080909757284e-01	9.9999600001599987e-07	9.9999600001599987e-07	8.3388519091842728e-01	9.9999600001599987e-07
9.9999600001600008e-07	1.3945193517724769e-01	9.9999600001600008e-07	9.9999600001600008e-07	8.6054406483875245e-01	9.9999600001600008e-07
9.9999600001599987e-07	4.4998473148099127e-02	9.9999600001599987e-07	9.9999600001599987e-07	9.5499752686790096e-01	9.9999600001599987e-07
9.9999700000899981e-07	1.5191294060365955e-02	7.2724332083769607e-03	9.9999700000899981e-07	9.7753327274025714e-01	9.9999700000899981e-07
9.9999600001599987e-07	5.2753094648513840e-02	9.9999600001599987e-07	9.9999600001599987e-07	9.4724290536748623e-01	9.9999600001599987e-07
9.9999600001599987e-07	7.0873637202695364e-02	9.9999600001599987e-07	9.9999600001599987e-07	9.2912236281330474e-01	9.9999600001599987e-07
9.9999700000899981e-07	8.6291890097198537e-02	9.9999700000899981e-07	9.9999700000899981e-07	8.2508395900382159e-01	8.8621150907979812e-02
9.9999700000900002e-07	1.7586794987816533e-02	9.9999700000900002e-07	9.9999700000900002e-07	9.7476778895577965e-01	7.6424160654038984e-03
9.9999600001599945e-07	9.9999600001599945e-07	9.9999600001599945e-07	9.9999600001599945e-07	2.6571951645973235e-01	7.3427648355626762e-01
9.9999600001599987e-07	1.6213967183679687e-01	9.9999600001599987e-07	9.9999600001599987e-07	8.3785632817920319e-01	9.9999600001599987e-07
9.9999600001600008e-07	3.1522644999677954e-02	9.9999600001600008e-07	9.9999600001600008e-07	9.6847335501632204e-01	9.9999600001600008e-07
9.9999600001600008e-07	9.9999600001600008e-07	9.9999600001600008e-07	9.9999600001600008e-07	9.9999600001600008e-07	9.9999500002000008e-01
9.9999600001599987e-07	6.5645727032013532e-02	9.9999600001599987e-07	9.9999600001599987e-07	9.3435027298398643e-01	9.9999600001599987e-07
9.9999600001600008e-07	9.9999600001600008e-07	9.9999600001600008e-07	9.9999600001600008e-07	9.9999500002000008e-01	9.9999600001600008e-07
9.9999700000900002e-07	8.5155538782156634e-02	9.9999700000900002e-07	9.9999700000900002e-07	3.4051846006990910e-01	5.7432300115693424e-01
9.9999600001599987e-07	1.1475348601164127e-01	9.9999600001599987e-07	9.9999600001599987e-07	8.8524251400435883e-01	9.9999600001599987e-07
9.9999600001600008e-07	9.9999600001600008e-07	9.9999600001600008e-07	9.9999600001600008e-07	9.9999600001600008e-07	9.9999500002000008e-01
9.9999600001599987e-07	4.4014823248977715e-02	9.9999600001599987e-07	9.9999600001599987e-07	9.5598117676702232e-01	9.9999600001599987e-07
9.9999600001599987e-07	1.1055679796172871e-01	9.9999600001599987e-07	9.9999600001599987e-07	8.8943920205427141e-01	9.9999600001599987e-07
9.9999600001600008e-07	4.0110940862599764e-03	9.9999600001600008e-07	9.9999600001600008e-07	9.9999600001600008e-07	9.9598490592974009e-01
9.9999600001600030e-07	9.9999600001600030e-07	9.9999600001600030e-07	9.9999600001600030e-07	7.8767562865231977e-01	2.1232037136368023e-01
9.9999600001600030e-07	7.3697266638159009e-02	9.9999600001600030e-07	9.9999600001600030e-07	9.2629873337784108e-01	9.9999600001600030e-07
9.9999600001600008e-07	2.8007790632335810e-02	9.9999600001600008e-07	9.9999600001600008e-07	9.9999600001600008e-07	9.7198820938366426e-01
9.9999600001599987e-07	9.9999600001599987e-07	6.1409992479768511e-03	9.9999600001599987e-07	9.9385500076802313e-01	9.9999600001599987e-07
9.9999600001599987e-07	9.5462252585333460e-02	9.9999600001599987e-07	9.9999600001599987e-07	9.0453374743066661e-01	9.9999600001599987e-07
9.9999600001599987e-07	2.6554153602924666e-02	9.9999600001599987e-07	9.9999600001599987e-07	9.7344184641307530e-01	9.9999600001599987e-07
3.3943949278520103e-03	3.2060851950082098e-02	9.9999800000400022e-07	9.9999800000400022e-07	9.6062095104031420e-01	3.9218020857517836e-03
9.9999600001600008e-07	9.9999600001600008e-07	9.9999600001600008e-07	9.9999600001600008e-07	9.9999500002000008e-01	9.9999600001600008e-07
9.9999600001600008e-07	9.9999600001600008e-07	9.9999600001600008e-07	9.9999600001600008e-07	9.9999600001600008e-07	9.9999500002000008e-01
1.1646805227140651e-03	8.9738798525986086e-03	9.9999700000900002e-07	9.9999700000900002e-07	9.8985843963368747e-01	9.9999700000900002e-07
9.9999600001599987e-07	7.1241462075107176e-02	9.9999600001599987e-07	9.9999600001599987e-07	9.2875453794089280e-01	9.9999600001599987e-07
9.9999600001600008e-07	9.9999600001600008e-07	9.9999600001600008e-07	9.9999600001600008e-07	9.9999600001600008e-07	9.9999500002000008e-01
9.9999600001600008e-07	1.8456525389729087e-02	9.9999600001600008e-07	9.9999600001600008e-07	9.8153947462627100e-01	9.9999600001600008e-07
9.9999700000900002e-07	1.2841858611153292e-02	9.9999700000900002e-07	9.9999700000900002e-07	9.6612878316233819e-01	2.1026358235508663e-02
9.9999600001599987e-07	9.9999600001599987e-07	9.9999600001599987e-07	9.9999600001599987e-07	9.9336102918264524e-01	6.6349708333546279e-03
9.9999600001599966e-07	9.9999600001599966e-07	9.9999600001599966e-07	9.9999600001599966e-07	9.2778830713152372e-01	7.2207692884476218e-02
9.9999600001600008e-07	9.9999600001600008e-07	9.9999600001600008e-07	9.9999600001600008e-07	9.9999500002000008e-01	9.9999600001600008e-07
9.9999800000399980e-07	6.9495826844101369e-02	4.1710742655152091e-03	9.9999800000399980e-07	8.8726453644954162e-01	3.9066562444841829e-02
9.9999600001600008e-07	9.9999600001600008e-07	9.9999600001600008e-07	9.9999600001600008e-07	9.9999600001600008e-07	9.9999500002000008e-01
9.9999600001600008e-07	9.9999600001600008e-07	9.9999600001600008e-07	9.9999600001600008e-07	9.9999600001600008e-07	9.9999500002000008e-01
9.9999600001600008e-07	9.9999600001600008e-07	9.9999600001600008e-07	9.9999600001600008e-07	9.9999600001600008e-07	9.9999500002000008e-01
9.9999600001599987e-07	9.1377144831520152e-02	9.9999600001599987e-07	9.9999600001599987e-07	9.0861885518447982e-01	9.9999600001599987e-07
9.9999600001599945e-07	9.9999600001599945e-07	9.9999600001599945e-07	9.9999600001599945e-07	9.5773434331170149e-01	4.2261656704298350e-02
9.9999600001599966e-07	3.1860176033925748e-02	9.9999600001599966e-07	9.9999600001599966e-07	9.6813582398207421e-01	9.9999600001599966e-07
9.9999600001599987e-07	1.6852434339281941e-01	9.9999600001599987e-07	9.9999600001599987e-07	8.3147165662318068e-01	9.9999600001599987e-07
9.9999700000900002e-07	6.7775324822355624e-03	9.9999700000900002e-07	9.9999700000900002e-07	9.8282831391015324e-01	1.0391153616611198e-02
9.9999800000400022e-07	1.0577581433842929e-01	1.7699051084127859e-03	9.9999800000400022e-07	8.7142193866964190e-01	2.1030341887516114e-02
9.9999600001599987e-07	1.1107580029315514e-01	9.9999600001599987e-07	9.9999600001599987e-07	8.8892019972284497e-01	9.9999600001599987e-07
9.9999700000900002e-07	1.8690063744361571e-03	9.9999700000900002e-07	9.9999700000900002e-07	9.8923346997693928e-01	8.8945236576245586e-03
9.9999600001600008e-07	9.9999600001600008e-07	9.9999600001600008e-07	9.9999600001600008e-07	9.9999600001600008e-07	9.9999500002000008e-01
9.9999700000900002e-07	3.9237680714999418e-02	9.9999700000900002e-07	9.9999700000900002e-07	8.3655095144752467e-01	1.2420836784647589e-01
9.9999600001599966e-07	7.8453721131422974e-02	9.9999600001599966e-07	9.9999600001599966e-07	9.2154227888457696e-01	9.9999600001599966e-07
9.9999600001600008e-07	4.2517300464214959e-02	9.9999600001600008e-07	9.9999600001600008e-07	9.5747869955178511e-01	9.9999600001600008e-07
9.9999600001600030e-07	9.9999600001600030e-07	9.9999600001600030e-07	9.9999600001600030e-07	9.7509262139593011e-01	2.4903378620069767e-02
9.9999700000900023e-07	1.6128837673157118e-01	9.9999700000900023e-07	9.9999700000900023e-07	8.1001770128285044e-01	2.8690921994578341e-02
9.9999600001599966e-07	3.0601273033126677e-02	9.9999600001599966e-07	9.9999600001599966e-07	9.6939472698287343e-01	9.9999600001599966e-07
9.9999600001599987e-07	9.9999600001599987e-07	9.9999600001599987e-07	9.9999600001599987e-07	9.1273590255799286e-01	8.7260097458007169e-02
9.9999600001600008e-07	9.9999600001600008e-07	9.9999600001600008e-07	9.9999600001600008e-07	9.9999600001600008e-07	9.9999500002000008e-01
9.9999700000899960e-07	5.2167049140994466e-02	9.9999700000899960e-07	9.9999700000899960e-07	8.3379939810111259e-01	1.1403055276689295e-01
1.5749200577598196e-02	8.5192280580598423e-01	9.9999800000400022e-07	5.5610495491601651e-02	9.9999800000400022e-07	7.6715498128815882e-02
9.9999600001599987e-07	2.2567689929712170e-02	9.9999600001599987e-07	9.9999600001599987e-07	9.7742831008628794e-01	9.9999600001599987e-07
9.9999600001600008e-07	9.9999600001600008e-07	9.9999600001600008e-07	9.9999600001600008e-07	9.9999500002000008e-01	9.9999600001600008e-07
2.3391949707684663e-02	9.9999700000900002e-07	3.5078049496600878e-03	9.9999700000900002e-07	9.7309724535165543e-01	9.9999700000900002e-07
9.9999600001600008e-07	9.9999600001600008e-07	9.9999600001600008e-07	9.9999600001600008e-07	9.9999600001600008e-07	9.9999500002000008e-01
9.9999700000900002e-07	2.9504086701317822e-02	9.9999700000900002e-07	9.9999700000900002e-07	9.6854740292036057e-01	1.9455103873215797e-03
2.4056398641771191e-02	8.0557175955885602e-02	9.9999700000899981e-07	9.9999700000899981e-07	8.9538342541134341e-01	9.9999700000899981e-07
9.9999700000900002e-07	1.0035809676204051e-01	9.9999700000900002e-07	9.9999700000900002e-07	8.9622398887378663e-01	3.4149143731728401e-03
9.9999600001600008e-07	1.1941697876575293e-01	9.9999600001600008e-07	9.9999600001600008e-07	9.9999600001600008e-07	8.8057902125024701e-01
9.9999600001600008e-07	9.9999600001600008e-07	9.9999600001600008e-07	9.9999600001600008e-07	9.9999500002000008e-01	9.9999600001600008e-07
9.9999600001600008e-07	9.9999600001600008e-07	9.9999600001600008e-07	9.9999600001600008e-07	9.9999500002000008e-01	9.9999600001600008e-07
9.9999600001600008e-07	8.7867230437139832e-01	9.9999600001600008e-07	9.9999600001600008e-07	9.9999600001600008e-07	1.2132369564460165e-01
6.6129420259233559e-02	2.5570069094556763e-01	5.0513767536374751e-02	9.9999900000100006e-07	4.0694205249270143e-01	2.2071306876712260e-01
2.6007788511495034e-02	2.4780424285700509e-01	9.9999800000400022e-07	9.9999800000400022e-07	3.1571186205687968e-01	4.1047410657862038e-01
9.9999700000899981e-07	6.8715939070230359e-01	9.9999700000899981e-07	9.9999700000899981e-07	1.4584703230495624e-01	1.6699057700174003e-01
9.9999700000900023e-07	6.6181116798735218e-01	9.9999700000900023e-07	9.9999700000900023e-07	1.5875174214985535e-01	1.7943408987179246e-01
1.1697835048070608e-02	1.1435760825711508e-01	9.9999900000100006e-07	4.9164177014570230e-02	8.0176963325389516e-01	2.3009746427348914e-02
9.9999600001599987e-07	9.9107147754684477e-01	9.9999600001599987e-07	9.9999600001599987e-07	9.9999600001599987e-07	8.9245224691552050e-03
9.9999600001600008e-07	2.6255511530825715e-02	9.9999600001600008e-07	9.9999600001600008e-07	9.7374048848517447e-01	9.9999600001600008e-07
9.9999700000899981e-07	2.6343419209972272e-02	9.9999700000899981e-07	9.9999700000899981e-07	9.6579100696319120e-01	7.8625738358364620e-03
9.9999600001600008e-07	9.9999600001600008e-07	9.9999600001600008e-07	9.9999600001600008e-07	9.9999600001600008e-07	9.9999500002000008e-01
9.9999600001600008e-07	9.9999600001600008e-07	9.9999600001600008e-07	9.9999600001600008e-07	9.9999600001600008e-07	9.9999500002000008e-01
9.9999600001600008e-07	9.9999600001600008e-07	9.9999600001600008e-07	9.9999600001600008e-07	9.9999500002000008e-01	9.9999600001600008e-07
9.9999600001600008e-07	9.9999600001600008e-07	9.9999600001600008e-07	9.9999600001600008e-07	9.9999500002000008e-01	9.9999600001600008e-07
4.7606564493790724e-03	4.6308385767607721e-02	9.9999700000900002e-07	9.9999700000900002e-07	9.4892795779201333e-01	9.9999700000900002e-07
9.9999700000900002e-07	4.8150709845409777e-02	9.9999700000900002e-07	9.9999700000900002e-07	9.4891269664710109e-01	2.9335935164891682e-03
9.9999600001600008e-07	9.9999600001600008e-07	9.9999600001600008e-07	9.9999600001600008e-07	9.9999600001600008e-07	9.9999500002000008e-01
9.9999600001599966e-07	5.3488510950277540e-02	9.9999600001599966e-07	9.9999600001599966e-07	9.4650748906572246e-01	9.9999600001599966e-07
9.9999600001600008e-07	9.9999600001600008e-07	9.9999600001600008e-07	9.9999600001600008e-07	9.9999500002000008e-01	9.9999600001600008e-07
9.9999600001600008e-07	9.9999600001600008e-07	9.9999600001600008e-07	9.9999600001600008e-07	9.9999600001600008e-07	9.9999500002000008e-01
9.9999600001599966e-07	8.8913479205567150e-02	9.9999600001599966e-07	9.9999600001599966e-07	9.1108252081043284e-01	9.9999600001599966e-07
9.9999700000900023e-07	2.2782368968894029e-01	9.9999700000900023e-07	9.9999700000900023e-07	6.4134479664303501e-01	1.3082851367702492e-01
9.9999700000900002e-07	9.7251828207960064e-02	9.9999700000900002e-07	9.9999700000900002e-07	8.9818508358703575e-01	4.5600882140042452e-03
9.9999600001600008e-07	9.0054496300656470e-02	9.9999600001600008e-07	9.9999600001600008e-07	9.0994150371534355e-01	9.9999600001600008e-07
9.9999700000900002e-07	2.2838324440165588e-02	4.5125504073953367e-04	9.9999700000900002e-07	9.7670742052809489e-01	9.9999700000900002e-07
9.9999600001600008e-07	9.9999600001600008e-07	9.9999600001600008e-07	9.9999600001600008e-07	9.9999600001600008e-07	9.9999500002000008e-01
9.9999600001600008e-07	9.9999600001600008e-07	9.9999600001600008e-07	9.9999600001600008e-07	9.9999600001600008e-07	9.9999500002000008e-01
4.2677584465209223e-02	2.9767349100865623e-02	9.9999800000400001e-07	9.9999800000400001e-07	7.8514323505083072e-01	1.4240983138709457e-01
9.9999600001600008e-07	9.9999600001600008e-07	9.9999600001600008e-07	9.9999600001600008e-07	9.9999500002000008e-01	9.9999600001600008e-07
9.9999600001600008e-07	3.2379524874836552e-01	9.9999600001600008e-07	9.9999600001600008e-07	6.7620075126763468e-01	9.9999600001600008e-07
9.9999700000899981e-07	1.5952711291451896e-01	9.9999700000899981e-07	9.9999700000899981e-07	8.0489216573850642e-01	3.5577721355974638e-02
9.9999600001599987e-07	1.8486432596590813e-01	9.9999600001599987e-07	9.9999600001599987e-07	8.1513167405009179e-01	9.9999600001599987e-07
9.9999600001600008e-07	2.1284490849599183e-01	9.9999600001600008e-07	9.9999600001600008e-07	7.8715109152000817e-01	9.9999600001600008e-07
9.9999700000900002e-07	1.8055507608475838e-01	9.9999700000900002e-07	9.9999700000900002e-07	7.6284787539713872e-01	5.6594048527102918e-02
9.9999700000900002e-07	6.4555959172474059e-02	9.9999700000900002e-07	9.9999700000900002e-07	9.3464232989282914e-01	7.9871094369687499e-04
9.9999600001599987e-07	9.6500069322135076e-02	9.9999600001599987e-07	9.9999600001599987e-07	9.0349593069386502e-01	9.9999600001599987e-07
9.9999600001599966e-07	8.8412490933628338e-02	9.9999600001599966e-07	9.9999600001599966e-07	9.1158350908237162e-01	9.9999600001599966e-07
9.9999600001600008e-07	4.3616901047871796e-02	9.9999600001600008e-07	9.9999600001600008e-07	9.5637909896812812e-01	9.9999600001600008e-07
9.9999600001600008e-07	9.9999600001600008e-07	9.9999600001600008e-07	9.9999600001600008e-07	9.9999600001600008e-07	9.9999500002000008e-01
9.9999600001600008e-07	9.9999600001600008e-07	9.9999600001600008e-07	9.9999600001600008e-07	9.9999500002000008e-01	9.9999600001600008e-07
9.9999600001600008e-07	9.9999600001600008e-07	9.9999600001600008e-07	9.9999600001600008e-07	9.8511267613586839e-01	1.4883323880131564e-02
2.6551765113944532e-02	7.5590330685647772e-02	9.9999700000900002e-07	9.9999700000900002e-07	8.9785490420940783e-01	9.9999700000900002e-07
9.9999600001600008e-07	2.2243454517239969e-02	9.9999600001600008e-07	9.9999600001600008e-07	9.7775254549876012e-01	9.9999600001600008e-07
9.9999700000899981e-07	1.2123152200510441e-01	9.9999700000899981e-07	9.9999700000899981e-07	7.0154640607744623e-01	1.7721907192644931e-01
