Sample,Plate,Well,Row,Col,Egg lay date,Egg lay period,Egg transfer (ET),Infection start date,Infection end date,Infection period,Infection start date - Egg lay date,No. vials made on that date,Yeast usage,Cage,Total flies collected on that date,3 cM,27 cM,Genotype (3 and 27 cM),Plate Label,7 cM,10.3 cM,12 cM,17 cM,Wasp primer melting temperature ,Wasp DNA amplified,8 cM,11 cM,10.7 cM,11.3 cM,11.6 cM,8.5 cM,9 cM,10 cM
15,1,G2,G,2,25-Jan,Overnight,25-Jan,28-Jan,29/01/2019,1 day,3,10,"Plastic, no yeast",2,15,H,S,HS,1_G2,H,H,S,S,80.82924652,N,NA,H,NA,H,H,NA,NA,NA
18,1,B3,B,3,27-Jan,Overnight,27-Jan,29-Jan,31/01/2019,2 days,2,70,"Plastic, no yeast",2,89,H,S,HS,1_B3,H,H,S,S,81.12721252,N,NA,H,NA,H,H,NA,NA,NA
34,1,B5,B,5,27-Jan,Overnight,27-Jan,29-Jan,31/01/2019,2 days,2,70,"Plastic, no yeast",2,89,H,S,HS,1_B5,H,H,S,S,81.87213135,N,NA,S,NA,NA,NA,NA,NA,NA
50,1,B7,B,7,27-Jan,Overnight,27-Jan,29-Jan,31/01/2019,2 days,2,70,"Plastic, no yeast",2,89,H,S,HS,1_B7,H,H,S,S,78.44551086,Y,NA,H,NA,H,H,NA,NA,NA
151,2,G7,G,7,29-Jan,Overnight,29-Jan,01-Feb,04/02/2019,3 days,3,25,"Plastic, no yeast",2,13,S,H,SH,2_G7,S,S,H,H,74.70172119,N,NA,H,H,NA,NA,NA,NA,NA
165,2,E9,E,9,30-Jan,Overnight,30-Jan,01-Feb,04/02/2019,3 days,2,30,"Plastic, no yeast",2,25,S,H,SH,2_E9,S,S,H,H,74.40374756,N,NA,H,S,NA,NA,NA,NA,NA
219,3,C4,C,4,30-Jan,Day,31-Jan,03-Feb,04/02/2019,1 day,4,15,"Plastic, no yeast",2,35,S,H,SH,3_C4,S,S,H,H,74.2546463,N,NA,H,H,NA,NA,NA,NA,NA
327,4,G5,G,5,01-Feb,Overnight,01-Feb,04-Feb,05/02/2019,1 day,3,53,"Plastic, no yeast",2,116,S,H,SH,4_G5,S,S,H,H,78.42958069,Y,NA,S,NA,S,H,NA,NA,NA
410,5,B4,B,4,01-Feb,Overnight,01-Feb,04-Feb,05/02/2019,1 day,3,53,"Plastic, no yeast",2,116,H,S,HS,5_B4,H,H,S,S,78.14785767,Y,NA,S,NA,NA,NA,NA,NA,NA
415,5,G4,G,4,02-Feb,Overnight,02-Feb,05-Feb,06/02/2019,1 day,3,55,"Plastic, no yeast",2,84,H,S,HS,5_G4,H,H,S,S,78.4458313,Y,NA,H,NA,H,H,NA,NA,NA
438,5,F7,F,7,02-Feb,Overnight,02-Feb,05-Feb,06/02/2019,1 day,3,55,"Plastic, no yeast",2,84,H,S,HS,5_F7,H,H,S,S,78.29684448,Y,NA,H,NA,H,S,NA,NA,NA
637,7,E8,E,8,12-Feb,24 hours,12-Feb,14-Feb,15/02/2019,1 day,2,20,"Plastic, no yeast",3,74,H,S,HS,7_E8,H,H,S,S,78.43510437,Y,NA,H,NA,H,S,NA,NA,NA
646,7,F9,F,9,12-Feb,24 hours,12-Feb,14-Feb,15/02/2019,1 day,2,20,"Plastic, no yeast",3,74,S,H,SH,7_F9,S,S,H,H,76.94259644,N,NA,S,NA,H,H,NA,NA,NA
708,8,D5,D,5,12-Feb,24 hours,12-Jan,14-Jan,15/02/2019,1 day,2,19,Glass with yeast,3,84,H,S,HS,8_D5,H,H,S,S,77.98782349,Y,NA,S,H,NA,NA,NA,NA,NA
728,8,H7,H,7,12-Feb,24 hours,12-Jan,14-Jan,15/02/2019,1 day,2,19,Glass with yeast,3,84,S,H,SH,8_H7,S,S,H,H,73.80525208,N,NA,S,NA,H,H,NA,NA,NA
1138,12,B11,B,11,15-Feb,24 hours,15-Feb,17-Feb,18-Feb,1 day,2,22,"Plastic, no yeast",3,36,S,H,SH,12_B11,S,S,H,H,77.99551392,Y,NA,H,H,NA,NA,NA,NA,NA
1303,14,G7,G,7,17-Feb,24 hours,17-Feb,20-Feb,21-Feb,1 day,3,62,"Plastic, no yeast",3,328,H,S,HS,14_G7,H,H,S,S,74.42054749,N,NA,S,H,NA,NA,NA,NA,NA
1340,14,D12,D,12,17-Feb,24 hours,17-Feb,20-Feb,21-Feb,1 day,3,62,"Plastic, no yeast",3,328,S,H,SH,14_D12,S,S,H,H,73.97026062,N,NA,S,NA,S,S,NA,NA,NA
1524,16,D11,D,11,17-Feb,24 hours,17-Feb,20-Feb,21-Feb,1 day,3,62,"Plastic, no yeast",3,328,H,S,HS,16_D11,H,H,S,S,81.71882629,N,NA,S,NA,NA,NA,NA,NA,NA
1596,17,D8,D,8,18-Feb,24 hours,18-Feb,21-Feb,21-Feb,1 day,3,62,"Plastic, no yeast",3,161,S,H,SH,17_D8,S,S,H,H,75.1622467,N,NA,S,NA,S,S,NA,NA,NA
1715,18,C11,C,11,19-Feb,24 hours,19-Feb,22-Feb,25-Feb,3 days,3,35,"Plastic, no yeast",3,147,H,S,HS,18_C11,H,H,S,S,77.99655151,Y,NA,H,NA,H,S,NA,NA,NA
1874,20,B7,B,7,20-Feb,24 hours,20-Feb,22-Feb,25-Feb,3 days,2,50,"Plastic, no yeast",3,61,S,H,SH,20_B7,S,S,H,H,74.27668762,N,NA,H,NA,NA,NA,NA,NA,NA
S16,S1,SH2,H,2,NA,Overnight,NA,11-Nov,NA,3 hours,2,NA,"Plastic, no yeast",1,NA,H,S,HS,S1_H2,H,H,S,S,78.29777527,Y,NA,H,NA,H,S,NA,NA,NA
53,1,E7,E,7,27-Jan,Overnight,27-Jan,29-Jan,31/01/2019,2 days,2,70,"Plastic, no yeast",2,89,H,S,HS,1_E7,H,S,S,S,75.16786957,N,S,NA,NA,NA,NA,NA,NA,NA
152,2,H7,H,7,29-Jan,Overnight,29-Jan,01-Feb,04/02/2019,3 days,3,25,"Plastic, no yeast",2,13,S,H,SH,2_H7,S,H,H,H,78.27960205,Y,S,NA,NA,NA,NA,S,S,S
156,2,D8,D,8,29-Jan,Overnight,29-Jan,01-Feb,04/02/2019,3 days,3,25,"Plastic, no yeast",2,13,H,S,HS,2_D8,H,S,S,S,82.17243958,N,S,NA,NA,NA,NA,NA,NA,NA
193,3,A1,A,1,29-Jan,Day,30-Jan,01-Feb,04/02/2019,3 days,3,10,"Plastic, no yeast",2,17,S,H,SH,3_A1,S,H,H,H,74.55285645,N,H,NA,NA,NA,NA,NA,NA,NA
399,5,G2,G,2,01-Feb,Overnight,01-Feb,04-Feb,05/02/2019,1 day,3,53,"Plastic, no yeast",2,116,S,H,SH,5_G2,S,H,H,H,78.2804718,Y,H,NA,NA,NA,NA,NA,NA,NA
469,5,E11,E,11,02-Feb,Overnight,02-Feb,05-Feb,06/02/2019,1 day,3,55,"Plastic, no yeast",2,84,S,H,SH,5_E11,S,H,H,H,78.57868195,Y,H,NA,NA,NA,NA,NA,NA,NA
532,6,D7,D,7,05-Feb,Overnight,05-Feb,07-Feb,08/02/2019,1 day,2,27,"Plastic, no yeast",2,24,H,S,HS,6_D7,H,S,S,S,74.55289459,N,H,NA,NA,NA,NA,H,S,S
539,6,C8,C,8,06-Feb,Overnight,06-Feb,08-Feb,10/02/2019,2 days,2,37,"Plastic, no yeast",2,30,S,H,SH,6_C8,S,H,H,H,78.28469849,Y,S,NA,NA,NA,NA,S,S,NA
558,6,F10,F,10,06-Feb,Overnight,06-Feb,08-Feb,10/02/2019,2 days,2,37,"Plastic, no yeast",2,30,S,H,SH,6_F10,S,H,H,H,80.96890259,N,S,NA,NA,NA,NA,S,S,NA
566,6,F11,F,11,06-Feb,Overnight,06-Feb,08-Feb,10/02/2019,2 days,2,37,"Plastic, no yeast",2,30,H,S,HS,6_F11,H,S,S,S,74.40376282,N,S,NA,NA,NA,NA,NA,NA,NA
582,7,F1,F,1,08-Feb,Overnight,08-Feb,11-Feb,12/02/2019,1 day,3,35,"Plastic, no yeast",2,16,S,H,SH,7_F1,S,H,H,H,78.28469849,Y,NA,NA,NA,NA,NA,NA,NA,NA
597,7,E3,E,3,12-Feb,24 hours,12-Feb,14-Feb,15/02/2019,1 day,2,20,"Plastic, no yeast",3,74,S,H,SH,7_E3,S,H,H,H,77.9864502,Y,H,NA,NA,NA,NA,NA,NA,NA
627,7,C7,C,7,12-Feb,24 hours,12-Feb,14-Feb,15/02/2019,1 day,2,20,"Plastic, no yeast",3,74,S,H,SH,7_C7,S,H,H,H,74.70576477,N,S,NA,NA,NA,NA,S,S,S
648,7,H9,H,9,12-Feb,24 hours,12-Feb,14-Feb,15/02/2019,1 day,2,20,"Plastic, no yeast",3,74,S,H,SH,7_H9,S,H,H,H,78.28469849,Y,S,NA,NA,NA,NA,H,H,H
1147,12,C12,C,12,15-Feb,24 hours,15-Feb,17-Feb,18-Feb,1 day,2,22,"Plastic, no yeast",3,36,S,H,SH,12_C12,S,H,H,H,77.99551392,Y,NA,NA,NA,NA,NA,NA,NA,NA
1191,13,G5,G,5,15-Feb,24 hours,15-Feb,18-Feb,19-Feb,1 day,3,19,"Plastic, no yeast",3,55,S,H,SH,13_G5,S,H,H,H,80.08187866,N,S,NA,NA,NA,NA,S,NA,H
1219,13,C9,C,9,15-Feb,24 hours,15-Feb,18-Feb,19-Feb,1 day,3,19,"Plastic, no yeast",3,55,S,H,SH,13_C9,S,H,H,NA,74.56790924,N,S,NA,NA,NA,NA,H,NA,H
1324,14,D10,D,10,17-Feb,24 hours,17-Feb,20-Feb,21-Feb,1 day,3,62,"Plastic, no yeast",3,328,H,S,HS,14_D10,H,S,S,S,81.57221985,N,S,NA,NA,NA,NA,NA,NA,NA
1397,15,E7,E,7,17-Feb,24 hours,17-Feb,20-Feb,21-Feb,1 day,3,62,"Plastic, no yeast",3,328,S,H,SH,15_E7,S,H,H,H,77.99319458,Y,S,NA,NA,NA,NA,H,NA,H
1536,16,H12,H,12,17-Feb,24 hours,17-Feb,20-Feb,21-Feb,1 day,3,62,"Plastic, no yeast",3,328,S,H,SH,16_H12,S,H,H,H,78.14218903,Y,H,NA,NA,NA,NA,NA,NA,NA
1595,17,C8,C,8,18-Feb,24 hours,18-Feb,21-Feb,21-Feb,1 day,3,62,"Plastic, no yeast",3,161,S,H,SH,17_C8,S,H,H,H,77.69519806,Y,S,NA,NA,NA,NA,S,NA,S
1671,18,G5,G,5,18-Feb,24 hours,18-Feb,21-Feb,21-Feb,1 day,3,62,"Plastic, no yeast",3,161,S,H,SH,18_G5,S,H,H,H,80.83183289,N,NA,NA,NA,NA,NA,NA,NA,NA
1858,20,B5,B,5,19-Feb,24 hours,19-Feb,22-Feb,25-Feb,3 days,3,35,"Plastic, no yeast",3,147,S,H,SH,20_B5,S,H,H,H,80.53387451,N,NA,NA,NA,NA,NA,NA,NA,NA
S280,S3,SH11,H,11,NA,Overnight,NA,20-Nov,NA,3 hours,2,NA,"Plastic, no yeast",1,NA,S,H,SH,S3_H11,S,H,H,NA,78.13052368,Y,H,NA,NA,NA,NA,NA,NA,NA
10,1,B2,B,2,25-Jan,Overnight,25-Jan,28-Jan,29/01/2019,1 day,3,10,"Plastic, no yeast",2,15,S,H,SH,1_B2,S,S,S,H,83.94459534,N,NA,NA,NA,NA,NA,NA,NA,NA
11,1,C2,C,2,25-Jan,Overnight,25-Jan,28-Jan,29/01/2019,1 day,3,10,"Plastic, no yeast",2,15,H,S,HS,1_C2,H,H,H,H,78.44551086,Y,NA,NA,NA,NA,NA,NA,NA,NA
12,1,D2,D,2,25-Jan,Overnight,25-Jan,28-Jan,29/01/2019,1 day,3,10,"Plastic, no yeast",2,15,H,S,HS,1_D2,H,H,H,H,80.97823334,N,NA,NA,NA,NA,NA,NA,NA,NA
13,1,E2,E,2,25-Jan,Overnight,25-Jan,28-Jan,29/01/2019,1 day,3,10,"Plastic, no yeast",2,15,S,H,SH,1_E2,S,S,H,H,78.27960205,Y,NA,NA,NA,NA,NA,NA,NA,NA
19,1,C3,C,3,27-Jan,Overnight,27-Jan,29-Jan,31/01/2019,2 days,2,70,"Plastic, no yeast",2,89,H,S,HS,1_C3,H,H,H,S,74.12498474,N,NA,NA,NA,NA,NA,NA,NA,NA
33,1,A5,A,5,27-Jan,Overnight,27-Jan,29-Jan,31/01/2019,2 days,2,70,"Plastic, no yeast",2,89,H,S,HS,1_A5,H,H,H,S,74.72091675,N,NA,NA,NA,NA,NA,NA,NA,NA
37,1,E5,E,5,27-Jan,Overnight,27-Jan,29-Jan,31/01/2019,2 days,2,70,"Plastic, no yeast",2,89,H,S,HS,1_E5,H,H,H,H,81.57416534,N,NA,NA,NA,NA,NA,NA,NA,NA
43,1,C6,C,6,27-Jan,Overnight,27-Jan,29-Jan,31/01/2019,2 days,2,70,"Plastic, no yeast",2,89,S,H,SH,1_C6,H,H,NA,NA,83.6464386,N,NA,NA,NA,NA,NA,NA,NA,NA
47,1,G6,G,6,27-Jan,Overnight,27-Jan,29-Jan,31/01/2019,2 days,2,70,"Plastic, no yeast",2,89,H,S,HS,1_G6,H,H,H,H,81.42518616,N,NA,NA,NA,NA,NA,NA,NA,NA
56,1,H7,H,7,27-Jan,Overnight,27-Jan,29-Jan,31/01/2019,2 days,2,70,"Plastic, no yeast",2,89,H,S,HS,1_H7,S,H,H,H,78.14754486,Y,NA,NA,NA,NA,NA,NA,NA,NA
58,1,B8,B,8,27-Jan,Overnight,27-Jan,29-Jan,31/01/2019,2 days,2,70,"Plastic, no yeast",2,89,S,H,SH,1_B8,S,S,S,S,81.70841217,N,NA,NA,NA,NA,NA,NA,NA,NA
59,1,C8,C,8,27-Jan,Overnight,27-Jan,29-Jan,31/01/2019,2 days,2,70,"Plastic, no yeast",2,89,H,S,HS,1_C8,H,H,H,H,81.57416534,N,NA,NA,NA,NA,NA,NA,NA,NA
73,1,A10,A,10,27-Jan,Overnight,27-Jan,29-Jan,31/01/2019,2 days,2,70,"Plastic, no yeast",2,89,H,S,HS,1_A10,H,H,H,S,80.97823334,N,NA,NA,NA,NA,NA,NA,NA,NA
79,1,G10,G,10,27-Jan,Overnight,27-Jan,29-Jan,31/01/2019,2 days,2,70,"Plastic, no yeast",2,89,H,S,HS,1_G10,H,NA,NA,NA,81.42518616,N,NA,NA,NA,NA,NA,NA,NA,NA
80,1,H10,H,10,27-Jan,Overnight,27-Jan,29-Jan,31/01/2019,2 days,2,70,"Plastic, no yeast",2,89,H,S,HS,1_H10,NA,NA,NA,NA,81.72547913,N,NA,NA,NA,NA,NA,NA,NA,NA
87,1,G11,G,11,27-Jan,Overnight,27-Jan,29-Jan,31/01/2019,2 days,2,70,"Plastic, no yeast",2,89,S,H,SH,1_G11,S,S,S,S,84.98814392,N,NA,NA,NA,NA,NA,NA,NA,NA
98,2,B1,B,1,27-Jan,Overnight,27-Jan,29-Jan,31/01/2019,2 days,2,70,"Plastic, no yeast",2,89,H,S,HS,2_B1,NA,NA,NA,NA,81.42750549,N,NA,NA,NA,NA,NA,NA,NA,NA
100,2,D1,D,1,27-Jan,Overnight,27-Jan,29-Jan,31/01/2019,2 days,2,70,"Plastic, no yeast",2,89,H,S,HS,2_D1,H,H,H,H,74.27614594,N,NA,NA,NA,NA,NA,NA,NA,NA
107,2,C2,C,2,27-Jan,Overnight,27-Jan,30-Jan,01/02/2019,2 days,3,10,"Plastic, no yeast",2,31,H,S,HS,2_C2,H,H,H,S,78.44777679,Y,NA,NA,NA,NA,NA,NA,NA,NA
109,2,E2,E,2,27-Jan,Overnight,27-Jan,30-Jan,01/02/2019,2 days,3,10,"Plastic, no yeast",2,31,H,S,HS,2_E2,H,H,H,S,83.36433411,N,NA,NA,NA,NA,NA,NA,NA,NA
117,2,E3,E,3,27-Jan,Overnight,27-Jan,30-Jan,01/02/2019,2 days,3,10,"Plastic, no yeast",2,31,H,S,HS,2_E3,NA,NA,NA,NA,74.27614594,N,NA,NA,NA,NA,NA,NA,NA,NA
127,2,G4,G,4,27-Jan,Overnight,27-Jan,30-Jan,01/02/2019,2 days,3,10,"Plastic, no yeast",2,31,H,S,HS,2_G4,S,S,S,S,81.72547913,N,NA,NA,NA,NA,NA,NA,NA,NA
131,2,C5,C,5,27-Jan,Overnight,27-Jan,30-Jan,01/02/2019,2 days,3,10,"Plastic, no yeast",2,31,H,S,HS,2_C5,NA,S,S,S,81.87446594,N,NA,NA,NA,NA,NA,NA,NA,NA
134,2,F5,F,5,27-Jan,Overnight,27-Jan,30-Jan,01/02/2019,2 days,3,10,"Plastic, no yeast",2,31,H,S,HS,2_F5,H,H,H,H,78.44777679,Y,NA,NA,NA,NA,NA,NA,NA,NA
141,2,E6,E,6,28-Jan,Day,29-Jan,01-Feb,01/02/2019,2 days,4,25,"Plastic, no yeast",2,11,H,S,HS,2_E6,H,NA,H,S,78.29878998,Y,NA,NA,NA,NA,NA,NA,NA,NA
143,2,G6,G,6,28-Jan,Day,29-Jan,01-Feb,01/02/2019,2 days,4,25,"Plastic, no yeast",2,11,H,S,HS,2_G6,H,H,H,H,78.00081635,Y,NA,NA,NA,NA,NA,NA,NA,NA
154,2,B8,B,8,29-Jan,Overnight,29-Jan,01-Feb,04/02/2019,3 days,3,25,"Plastic, no yeast",2,13,H,S,HS,2_B8,H,H,H,NA,81.42750549,N,NA,NA,NA,NA,NA,NA,NA,NA
157,2,E8,E,8,29-Jan,Overnight,29-Jan,01-Feb,04/02/2019,3 days,3,25,"Plastic, no yeast",2,13,H,S,HS,2_E8,NA,H,NA,NA,74.57411957,N,NA,NA,NA,NA,NA,NA,NA,NA
161,2,A9,A,9,30-Jan,Overnight,30-Jan,01-Feb,04/02/2019,3 days,2,30,"Plastic, no yeast",2,25,H,S,HS,2_A9,H,H,H,S,78.29878998,Y,NA,NA,NA,NA,NA,NA,NA,NA
163,2,C9,C,9,30-Jan,Overnight,30-Jan,01-Feb,04/02/2019,3 days,2,30,"Plastic, no yeast",2,25,H,S,HS,2_C9,H,H,NA,H,78.44777679,Y,NA,NA,NA,NA,NA,NA,NA,NA
180,2,D11,D,11,30-Jan,Overnight,30-Jan,01-Feb,04/02/2019,3 days,2,30,"Plastic, no yeast",2,25,H,S,HS,2_D11,NA,NA,NA,NA,81.43118286,N,NA,NA,NA,NA,NA,NA,NA,NA
191,2,G12,G,12,29-Jan,Day,30-Jan,01-Feb,04/02/2019,3 days,3,10,"Plastic, no yeast",2,17,H,S,HS,2_G12,H,H,H,H,75.02404022,N,NA,NA,NA,NA,NA,NA,NA,NA
199,3,G1,G,1,29-Jan,Day,30-Jan,01-Feb,04/02/2019,3 days,3,10,"Plastic, no yeast",2,17,S,H,SH,3_G1,NA,H,NA,H,74.7019577,N,NA,NA,NA,NA,NA,NA,NA,NA
203,3,C2,C,2,30-Jan,Day,31-Jan,03-Feb,04/02/2019,1 day,4,15,"Plastic, no yeast",2,35,H,S,HS,3_C2,H,H,H,H,74.42802429,N,NA,NA,NA,NA,NA,NA,NA,NA
209,3,A3,A,3,30-Jan,Day,31-Jan,03-Feb,04/02/2019,1 day,4,15,"Plastic, no yeast",2,35,H,S,HS,3_A3,H,H,H,H,73.68300629,N,NA,NA,NA,NA,NA,NA,NA,NA
240,3,H6,H,6,31-Jan,Overnight,31-Jan,03-Feb,04/02/2019,1 day,3,55,"Plastic, no yeast",2,60,H,S,HS,3_H6,H,H,H,H,78.30211639,Y,NA,NA,NA,NA,NA,NA,NA,NA
248,3,H7,H,7,31-Jan,Overnight,31-Jan,03-Feb,04/02/2019,1 day,3,55,"Plastic, no yeast",2,60,H,S,HS,3_H7,H,H,H,H,78.15311432,Y,NA,NA,NA,NA,NA,NA,NA,NA
278,3,F11,F,11,31-Jan,Overnight,31-Jan,03-Feb,04/02/2019,1 day,3,55,"Plastic, no yeast",2,60,S,H,SH,3_F11,S,S,S,S,74.55285645,N,NA,NA,NA,NA,NA,NA,NA,NA
283,3,C12,C,12,31-Jan,Overnight,31-Jan,03-Feb,04/02/2019,1 day,3,55,"Plastic, no yeast",2,60,H,S,HS,3_C12,H,H,H,H,78.30211639,Y,NA,NA,NA,NA,NA,NA,NA,NA
299,4,C2,C,2,01-Feb,Overnight,01-Feb,04-Feb,05/02/2019,1 day,3,53,"Plastic, no yeast",2,116,H,S,HS,4_C2,H,H,H,H,78.45111847,Y,NA,NA,NA,NA,NA,NA,NA,NA
304,4,H2,H,2,01-Feb,Overnight,01-Feb,04-Feb,05/02/2019,1 day,3,53,"Plastic, no yeast",2,116,S,H,SH,4_H2,S,S,S,H,78.2804718,Y,NA,NA,NA,NA,NA,NA,NA,NA
312,4,H3,H,3,01-Feb,Overnight,01-Feb,04-Feb,05/02/2019,1 day,3,53,"Plastic, no yeast",2,116,H,S,HS,4_H3,H,H,H,H,78.45111847,Y,NA,NA,NA,NA,NA,NA,NA,NA
330,4,B6,B,6,01-Feb,Overnight,01-Feb,04-Feb,05/02/2019,1 day,3,53,"Plastic, no yeast",2,116,H,S,HS,4_B6,H,H,H,H,78.45111847,Y,NA,NA,NA,NA,NA,NA,NA,NA
331,4,C6,C,6,01-Feb,Overnight,01-Feb,04-Feb,05/02/2019,1 day,3,53,"Plastic, no yeast",2,116,S,H,SH,4_C6,H,H,H,H,81.70988464,N,NA,NA,NA,NA,NA,NA,NA,NA
332,4,D6,D,6,01-Feb,Overnight,01-Feb,04-Feb,05/02/2019,1 day,3,53,"Plastic, no yeast",2,116,H,S,HS,4_D6,H,H,H,H,78.74912262,Y,NA,NA,NA,NA,NA,NA,NA,NA
336,4,H6,H,6,01-Feb,Overnight,01-Feb,04-Feb,05/02/2019,1 day,3,53,"Plastic, no yeast",2,116,S,H,SH,4_H6,S,S,S,S,78.2804718,Y,NA,NA,NA,NA,NA,NA,NA,NA
342,4,F7,F,7,01-Feb,Overnight,01-Feb,04-Feb,05/02/2019,1 day,3,53,"Plastic, no yeast",2,116,H,S,HS,4_F7,H,H,H,H,78.30211639,Y,NA,NA,NA,NA,NA,NA,NA,NA
351,4,G8,G,8,01-Feb,Overnight,01-Feb,04-Feb,05/02/2019,1 day,3,53,"Plastic, no yeast",2,116,H,S,HS,4_G8,S,S,S,S,80.98417664,N,NA,NA,NA,NA,NA,NA,NA,NA
353,4,A9,A,9,01-Feb,Overnight,01-Feb,04-Feb,05/02/2019,1 day,3,53,"Plastic, no yeast",2,116,S,H,SH,4_A9,H,H,H,H,78.13137054,Y,NA,NA,NA,NA,NA,NA,NA,NA
355,4,C9,C,9,01-Feb,Overnight,01-Feb,04-Feb,05/02/2019,1 day,3,53,"Plastic, no yeast",2,116,H,S,HS,4_C9,H,H,H,S,81.43118286,N,NA,NA,NA,NA,NA,NA,NA,NA
362,4,B10,B,10,01-Feb,Overnight,01-Feb,04-Feb,05/02/2019,1 day,3,53,"Plastic, no yeast",2,116,S,H,SH,4_B10,S,S,S,S,78.2804718,Y,NA,NA,NA,NA,NA,NA,NA,NA
377,4,A12,A,12,01-Feb,Overnight,01-Feb,04-Feb,05/02/2019,1 day,3,53,"Plastic, no yeast",2,116,H,S,HS,4_A12,H,H,H,H,78.45111847,Y,NA,NA,NA,NA,NA,NA,NA,NA
381,4,E12,E,12,01-Feb,Overnight,01-Feb,04-Feb,05/02/2019,1 day,3,53,"Plastic, no yeast",2,116,H,S,HS,4_E12,H,H,H,H,78.45111847,Y,NA,NA,NA,NA,NA,NA,NA,NA
388,5,D1,D,1,01-Feb,Overnight,01-Feb,04-Feb,05/02/2019,1 day,3,53,"Plastic, no yeast",2,116,H,S,HS,5_D1,H,H,H,H,78.29684448,Y,NA,NA,NA,NA,NA,NA,NA,NA
392,5,H1,H,1,01-Feb,Overnight,01-Feb,04-Feb,05/02/2019,1 day,3,53,"Plastic, no yeast",2,116,H,S,HS,5_H1,H,H,H,NA,78.29684448,Y,NA,NA,NA,NA,NA,NA,NA,NA
398,5,F2,F,2,01-Feb,Overnight,01-Feb,04-Feb,05/02/2019,1 day,3,53,"Plastic, no yeast",2,116,H,S,HS,5_F2,H,H,H,H,78.14785767,Y,NA,NA,NA,NA,NA,NA,NA,NA
402,5,B3,B,3,01-Feb,Overnight,01-Feb,04-Feb,05/02/2019,1 day,3,53,"Plastic, no yeast",2,116,S,H,SH,5_B3,S,S,S,S,74.2546463,N,NA,NA,NA,NA,NA,NA,NA,NA
414,5,F4,F,4,02-Feb,Overnight,02-Feb,05-Feb,06/02/2019,1 day,3,55,"Plastic, no yeast",2,84,H,S,HS,5_F4,H,H,H,H,74.57216644,N,NA,NA,NA,NA,NA,NA,NA,NA
417,5,A5,A,5,02-Feb,Overnight,02-Feb,05-Feb,06/02/2019,1 day,3,55,"Plastic, no yeast",2,84,H,S,HS,5_A5,H,H,H,S,79.63772583,N,NA,NA,NA,NA,NA,NA,NA,NA
420,5,D5,D,5,02-Feb,Overnight,02-Feb,05-Feb,06/02/2019,1 day,3,55,"Plastic, no yeast",2,84,H,S,HS,5_D5,H,H,H,H,80.97860718,N,NA,NA,NA,NA,NA,NA,NA,NA
425,5,A6,A,6,02-Feb,Overnight,02-Feb,05-Feb,06/02/2019,1 day,3,55,"Plastic, no yeast",2,84,S,H,SH,5_A6,S,S,S,S,78.13137054,Y,NA,NA,NA,NA,NA,NA,NA,NA
439,5,G7,G,7,02-Feb,Overnight,02-Feb,05-Feb,06/02/2019,1 day,3,55,"Plastic, no yeast",2,84,H,S,HS,5_G7,H,H,H,S,81.12760162,N,NA,NA,NA,NA,NA,NA,NA,NA
447,5,G8,G,8,02-Feb,Overnight,02-Feb,05-Feb,06/02/2019,1 day,3,55,"Plastic, no yeast",2,84,H,S,HS,5_G8,H,H,H,H,81.42557526,N,NA,NA,NA,NA,NA,NA,NA,NA
449,5,A9,A,9,02-Feb,Overnight,02-Feb,05-Feb,06/02/2019,1 day,3,55,"Plastic, no yeast",2,84,H,S,HS,5_A9,H,H,H,H,85.44822693,N,NA,NA,NA,NA,NA,NA,NA,NA
452,5,D9,D,9,02-Feb,Overnight,02-Feb,05-Feb,06/02/2019,1 day,3,55,"Plastic, no yeast",2,84,S,H,SH,5_D9,S,S,S,H,75.00016785,N,NA,NA,NA,NA,NA,NA,NA,NA
460,5,D10,D,10,02-Feb,Overnight,02-Feb,05-Feb,06/02/2019,1 day,3,55,"Plastic, no yeast",2,84,H,S,HS,5_D10,H,H,H,H,81.42557526,N,NA,NA,NA,NA,NA,NA,NA,NA
461,5,E10,E,10,02-Feb,Overnight,02-Feb,05-Feb,06/02/2019,1 day,3,55,"Plastic, no yeast",2,84,H,S,HS,5_E10,H,H,H,H,78.74380493,Y,NA,NA,NA,NA,NA,NA,NA,NA
466,5,B11,B,11,02-Feb,Overnight,02-Feb,05-Feb,06/02/2019,1 day,3,55,"Plastic, no yeast",2,84,H,S,HS,5_B11,H,H,H,H,81.57456207,N,NA,NA,NA,NA,NA,NA,NA,NA
467,5,C11,C,11,02-Feb,Overnight,02-Feb,05-Feb,06/02/2019,1 day,3,55,"Plastic, no yeast",2,84,H,S,HS,5_C11,H,H,H,H,78.4458313,Y,NA,NA,NA,NA,NA,NA,NA,NA
472,5,H11,H,11,02-Feb,Overnight,02-Feb,05-Feb,06/02/2019,1 day,3,55,"Plastic, no yeast",2,84,S,H,SH,5_H11,S,S,S,S,78.28469849,Y,NA,NA,NA,NA,NA,NA,NA,NA
476,5,D12,D,12,02-Feb,Overnight,02-Feb,05-Feb,06/02/2019,1 day,3,55,"Plastic, no yeast",2,84,H,S,HS,5_D12,H,NA,H,NA,81.86047363,N,NA,NA,NA,NA,NA,NA,NA,NA
480,5,H12,H,12,02-Feb,Overnight,02-Feb,05-Feb,06/02/2019,1 day,3,55,"Plastic, no yeast",2,84,H,S,HS,5_H12,H,H,H,H,78.4303894,Y,NA,NA,NA,NA,NA,NA,NA,NA
496,6,H2,H,2,02-Feb,Overnight,02-Feb,05-Feb,06/02/2019,1 day,3,55,"Plastic, no yeast",2,84,H,S,HS,6_H2,H,H,H,H,78.4303894,Y,NA,NA,NA,NA,NA,NA,NA,NA
499,6,C3,C,3,04-Feb,Overnight,04-Feb,06-Feb,07/02/2019,1 day,2,30,"Plastic, no yeast",2,17,S,H,SH,6_C3,S,S,S,S,74.10926819,N,NA,NA,NA,NA,NA,NA,NA,NA
500,6,D3,D,3,04-Feb,Overnight,04-Feb,06-Feb,07/02/2019,1 day,2,30,"Plastic, no yeast",2,17,H,S,HS,6_D3,H,H,H,H,78.72865295,Y,NA,NA,NA,NA,NA,NA,NA,NA
512,6,H4,H,4,04-Feb,Overnight,04-Feb,06-Feb,07/02/2019,1 day,2,30,"Plastic, no yeast",2,17,S,H,SH,6_H4,S,S,S,S,78.28469849,Y,NA,NA,NA,NA,NA,NA,NA,NA
530,6,B7,B,7,05-Feb,Overnight,05-Feb,07-Feb,08/02/2019,1 day,2,27,"Plastic, no yeast",2,24,H,S,HS,6_B7,H,H,H,H,77.98298645,Y,NA,NA,NA,NA,NA,NA,NA,NA
549,6,E9,E,9,06-Feb,Overnight,06-Feb,08-Feb,10/02/2019,2 days,2,37,"Plastic, no yeast",2,30,H,S,HS,6_E9,H,H,H,H,78.57952118,Y,NA,NA,NA,NA,NA,NA,NA,NA
550,6,F9,F,9,06-Feb,Overnight,06-Feb,08-Feb,10/02/2019,2 days,2,37,"Plastic, no yeast",2,30,H,S,HS,6_F9,H,H,H,H,75.59683228,N,NA,NA,NA,NA,NA,NA,NA,NA
554,6,B10,B,10,06-Feb,Overnight,06-Feb,08-Feb,10/02/2019,2 days,2,37,"Plastic, no yeast",2,30,H,S,HS,6_B10,H,H,H,H,75.00029755,N,NA,NA,NA,NA,NA,NA,NA,NA
560,6,H10,H,10,06-Feb,Overnight,06-Feb,08-Feb,10/02/2019,2 days,2,37,"Plastic, no yeast",2,30,S,H,SH,6_H10,S,S,S,S,78.28469849,Y,NA,NA,NA,NA,NA,NA,NA,NA
568,6,H11,H,11,06-Feb,Overnight,06-Feb,08-Feb,10/02/2019,2 days,2,37,"Plastic, no yeast",2,30,H,S,HS,6_H11,S,S,S,NA,78.4303894,Y,NA,NA,NA,NA,NA,NA,NA,NA
580,7,D1,D,1,08-Feb,Overnight,08-Feb,11-Feb,12/02/2019,1 day,3,35,"Plastic, no yeast",2,16,H,S,HS,7_D1,H,H,H,H,74.25462341,N,NA,NA,NA,NA,NA,NA,NA,NA
588,7,D2,D,2,12-Feb,24 hours,12-Feb,14-Feb,15/02/2019,1 day,2,20,"Plastic, no yeast",3,74,S,H,SH,7_D2,S,S,S,S,78.28469849,Y,NA,NA,NA,NA,NA,NA,NA,NA
602,7,B4,B,4,12-Feb,24 hours,12-Feb,14-Feb,15/02/2019,1 day,2,20,"Plastic, no yeast",3,74,H,S,HS,7_B4,H,H,H,S,78.4303894,Y,NA,NA,NA,NA,NA,NA,NA,NA
603,7,C4,C,4,12-Feb,24 hours,12-Feb,14-Feb,15/02/2019,1 day,2,20,"Plastic, no yeast",3,74,H,S,HS,7_C4,H,H,H,H,74.40376282,N,NA,NA,NA,NA,NA,NA,NA,NA
609,7,A5,A,5,12-Feb,24 hours,12-Feb,14-Feb,15/02/2019,1 day,2,20,"Plastic, no yeast",3,74,H,S,HS,7_A5,H,H,H,S,78.4303894,Y,NA,NA,NA,NA,NA,NA,NA,NA
610,7,B5,B,5,12-Feb,24 hours,12-Feb,14-Feb,15/02/2019,1 day,2,20,"Plastic, no yeast",3,74,S,H,SH,7_B5,S,S,S,H,74.70576477,N,NA,NA,NA,NA,NA,NA,NA,NA
613,7,E5,E,5,12-Feb,24 hours,12-Feb,14-Feb,15/02/2019,1 day,2,20,"Plastic, no yeast",3,74,S,H,SH,7_E5,H,H,H,H,77.9864502,Y,NA,NA,NA,NA,NA,NA,NA,NA
618,7,B6,B,6,12-Feb,24 hours,12-Feb,14-Feb,15/02/2019,1 day,2,20,"Plastic, no yeast",3,74,H,S,HS,7_B6,H,H,H,H,77.98298645,Y,NA,NA,NA,NA,NA,NA,NA,NA
620,7,D6,D,6,12-Feb,24 hours,12-Feb,14-Feb,15/02/2019,1 day,2,20,"Plastic, no yeast",3,74,H,S,HS,7_D6,H,H,H,S,78.28601074,Y,NA,NA,NA,NA,NA,NA,NA,NA
625,7,A7,A,7,12-Feb,24 hours,12-Feb,14-Feb,15/02/2019,1 day,2,20,"Plastic, no yeast",3,74,H,S,HS,7_A7,H,H,H,S,75.60237122,N,NA,NA,NA,NA,NA,NA,NA,NA
634,7,B8,B,8,12-Feb,24 hours,12-Feb,14-Feb,15/02/2019,1 day,2,20,"Plastic, no yeast",3,74,H,S,HS,7_B8,S,S,S,S,77.98782349,Y,NA,NA,NA,NA,NA,NA,NA,NA
641,7,A9,A,9,12-Feb,24 hours,12-Feb,14-Feb,15/02/2019,1 day,2,20,"Plastic, no yeast",3,74,S,H,SH,7_A9,S,S,S,S,78.28469849,Y,NA,NA,NA,NA,NA,NA,NA,NA
657,7,A11,A,11,12-Feb,24 hours,12-Feb,14-Feb,15/02/2019,1 day,2,20,"Plastic, no yeast",3,74,H,S,HS,7_A11,H,H,H,S,78.13691711,Y,NA,NA,NA,NA,NA,NA,NA,NA
658,7,B11,B,11,12-Feb,24 hours,12-Feb,14-Feb,15/02/2019,1 day,2,20,"Plastic, no yeast",3,74,S,H,SH,7_B11,S,S,S,S,78.28469849,Y,NA,NA,NA,NA,NA,NA,NA,NA
674,8,B1,B,1,12-Feb,24 hours,12-Jan,14-Jan,15/02/2019,1 day,2,19,Glass with yeast,3,84,S,H,SH,8_B1,S,S,S,S,73.05964661,N,NA,NA,NA,NA,NA,NA,NA,NA
681,8,A2,A,2,12-Feb,24 hours,12-Jan,14-Jan,15/02/2019,1 day,2,19,Glass with yeast,3,84,H,S,HS,8_A2,H,H,H,S,73.8132782,N,NA,NA,NA,NA,NA,NA,NA,NA
688,8,H2,H,2,12-Feb,24 hours,12-Jan,14-Jan,15/02/2019,1 day,2,19,Glass with yeast,3,84,H,S,HS,8_H2,H,H,H,H,78.13691711,Y,NA,NA,NA,NA,NA,NA,NA,NA
704,8,H4,H,4,12-Feb,24 hours,12-Jan,14-Jan,15/02/2019,1 day,2,19,Glass with yeast,3,84,H,S,HS,8_H4,H,H,H,H,78.13691711,Y,NA,NA,NA,NA,NA,NA,NA,NA
710,8,F5,F,5,12-Feb,24 hours,12-Jan,14-Jan,15/02/2019,1 day,2,19,Glass with yeast,3,84,S,H,SH,8_F5,H,H,H,H,77.98065186,Y,NA,NA,NA,NA,NA,NA,NA,NA
721,8,A7,A,7,12-Feb,24 hours,12-Jan,14-Jan,15/02/2019,1 day,2,19,Glass with yeast,3,84,H,S,HS,8_A7,H,H,H,H,78.28601074,Y,NA,NA,NA,NA,NA,NA,NA,NA
724,8,D7,D,7,12-Feb,24 hours,12-Jan,14-Jan,15/02/2019,1 day,2,19,Glass with yeast,3,84,S,H,SH,8_D7,S,S,S,H,80.21747589,N,NA,NA,NA,NA,NA,NA,NA,NA
741,8,E9,E,9,12-Feb,24 hours,12-Jan,14-Jan,15/02/2019,1 day,2,19,Glass with yeast,3,84,H,S,HS,8_E9,NA,H,NA,NA,74.55873108,N,NA,NA,NA,NA,NA,NA,NA,NA
1058,12,B1,B,1,14-Feb,24 hours,14-Feb,17-Feb,18-Feb,1 day,3,72,"Plastic, no yeast",3,244,H,S,HS,12_B1,NA,H,H,S,78.129776,Y,NA,NA,NA,NA,NA,NA,NA,NA
1096,12,H5,H,5,14-Feb,24 hours,14-Feb,17-Feb,18-Feb,1 day,3,72,"Plastic, no yeast",3,244,S,H,SH,12_H5,S,S,S,S,74.27153778,N,NA,NA,NA,NA,NA,NA,NA,NA
1110,12,F7,F,7,14-Feb,24 hours,14-Feb,17-Feb,18-Feb,1 day,3,72,"Plastic, no yeast",3,244,S,H,SH,12_F7,S,S,S,S,77.99655151,Y,NA,NA,NA,NA,NA,NA,NA,NA
1123,12,C9,C,9,14-Feb,24 hours,14-Feb,17-Feb,18-Feb,1 day,3,72,"Plastic, no yeast",3,244,S,H,SH,12_C9,S,S,S,S,75.16401672,N,NA,NA,NA,NA,NA,NA,NA,NA
1124,12,D9,D,9,14-Feb,24 hours,14-Feb,17-Feb,18-Feb,1 day,3,72,"Plastic, no yeast",3,244,H,S,HS,12_D9,H,H,H,S,78.42801666,Y,NA,NA,NA,NA,NA,NA,NA,NA
1125,12,E9,E,9,14-Feb,24 hours,14-Feb,17-Feb,18-Feb,1 day,3,72,"Plastic, no yeast",3,244,H,S,HS,12_E9,H,NA,H,NA,78.27890015,Y,NA,NA,NA,NA,NA,NA,NA,NA
1129,12,A10,A,10,14-Feb,24 hours,14-Feb,17-Feb,18-Feb,1 day,3,72,"Plastic, no yeast",3,244,H,S,HS,12_A10,H,H,H,S,78.42801666,Y,NA,NA,NA,NA,NA,NA,NA,NA
1132,12,D10,D,10,15-Feb,24 hours,15-Feb,17-Feb,18-Feb,1 day,2,22,"Plastic, no yeast",3,36,S,H,SH,12_D10,S,S,S,H,78.14453888,Y,NA,NA,NA,NA,NA,NA,NA,NA
1134,12,F10,F,10,15-Feb,24 hours,15-Feb,17-Feb,18-Feb,1 day,2,22,"Plastic, no yeast",3,36,H,S,HS,12_F10,H,H,H,S,78.27890015,Y,NA,NA,NA,NA,NA,NA,NA,NA
1146,12,B12,B,12,15-Feb,24 hours,15-Feb,17-Feb,18-Feb,1 day,2,22,"Plastic, no yeast",3,36,H,S,HS,12_B12,H,H,H,S,78.27890015,Y,NA,NA,NA,NA,NA,NA,NA,NA
1155,13,C1,C,1,15-Feb,24 hours,15-Feb,17-Feb,18-Feb,1 day,2,22,"Plastic, no yeast",3,36,S,H,SH,13_C1,S,S,S,H,74.7169342,N,NA,NA,NA,NA,NA,NA,NA,NA
1190,13,F5,F,5,15-Feb,24 hours,15-Feb,18-Feb,19-Feb,1 day,3,19,"Plastic, no yeast",3,55,S,H,SH,13_F5,H,H,H,H,78.14453888,Y,NA,NA,NA,NA,NA,NA,NA,NA
1193,13,A6,A,6,15-Feb,24 hours,15-Feb,18-Feb,19-Feb,1 day,3,19,"Plastic, no yeast",3,55,H,S,HS,13_A6,NA,NA,H,NA,78.129776,Y,NA,NA,NA,NA,NA,NA,NA,NA
1217,13,A9,A,9,15-Feb,24 hours,15-Feb,18-Feb,19-Feb,1 day,3,19,"Plastic, no yeast",3,55,H,S,HS,13_A9,NA,NA,H,NA,78.129776,Y,NA,NA,NA,NA,NA,NA,NA,NA
1230,13,F10,F,10,17-Feb,24 hours,17-Feb,20-Feb,21-Feb,1 day,3,62,"Plastic, no yeast",3,328,S,H,SH,13_F10,NA,NA,S,NA,74.41888428,N,NA,NA,NA,NA,NA,NA,NA,NA
1232,13,H10,H,10,17-Feb,24 hours,17-Feb,20-Feb,21-Feb,1 day,3,62,"Plastic, no yeast",3,328,S,H,SH,13_H10,NA,NA,NA,NA,77.99551392,Y,NA,NA,NA,NA,NA,NA,NA,NA
1240,13,H11,H,11,17-Feb,24 hours,17-Feb,20-Feb,21-Feb,1 day,3,62,"Plastic, no yeast",3,328,H,S,HS,13_H11,NA,H,NA,NA,74.99822235,N,NA,NA,NA,NA,NA,NA,NA,NA
1246,13,F12,F,12,17-Feb,24 hours,17-Feb,20-Feb,21-Feb,1 day,3,62,"Plastic, no yeast",3,328,S,H,SH,13_F12,S,S,S,H,78.29356384,Y,NA,NA,NA,NA,NA,NA,NA,NA
1248,13,H12,H,12,17-Feb,24 hours,17-Feb,20-Feb,21-Feb,1 day,3,62,"Plastic, no yeast",3,328,S,H,SH,13_H12,H,H,NA,H,78.29356384,Y,NA,NA,NA,NA,NA,NA,NA,NA
1254,14,F1,F,1,17-Feb,24 hours,17-Feb,20-Feb,21-Feb,1 day,3,62,"Plastic, no yeast",3,328,H,S,HS,14_F1,H,NA,H,H,81.70868683,N,NA,NA,NA,NA,NA,NA,NA,NA
1263,14,G2,G,2,17-Feb,24 hours,17-Feb,20-Feb,21-Feb,1 day,3,62,"Plastic, no yeast",3,328,H,S,HS,14_G2,H,NA,NA,H,78.42801666,Y,NA,NA,NA,NA,NA,NA,NA,NA
1286,14,F5,F,5,17-Feb,24 hours,17-Feb,20-Feb,21-Feb,1 day,3,62,"Plastic, no yeast",3,328,H,S,HS,14_F5,H,NA,H,H,75.29646301,N,NA,NA,NA,NA,NA,NA,NA,NA
1290,14,B6,B,6,17-Feb,24 hours,17-Feb,20-Feb,21-Feb,1 day,3,62,"Plastic, no yeast",3,328,H,S,HS,14_B6,H,H,H,H,78.74134827,Y,NA,NA,NA,NA,NA,NA,NA,NA
1292,14,D6,D,6,17-Feb,24 hours,17-Feb,20-Feb,21-Feb,1 day,3,62,"Plastic, no yeast",3,328,S,H,SH,14_D6,NA,NA,S,NA,77.99551392,Y,NA,NA,NA,NA,NA,NA,NA,NA
1297,14,A7,A,7,17-Feb,24 hours,17-Feb,20-Feb,21-Feb,1 day,3,62,"Plastic, no yeast",3,328,H,S,HS,14_A7,H,H,H,NA,74.42054749,N,NA,NA,NA,NA,NA,NA,NA,NA
1298,14,B7,B,7,17-Feb,24 hours,17-Feb,20-Feb,21-Feb,1 day,3,62,"Plastic, no yeast",3,328,H,S,HS,14_B7,H,H,H,H,78.44335938,Y,NA,NA,NA,NA,NA,NA,NA,NA
1301,14,E7,E,7,17-Feb,24 hours,17-Feb,20-Feb,21-Feb,1 day,3,62,"Plastic, no yeast",3,328,H,S,HS,14_E7,H,H,H,NA,81.27423096,N,NA,NA,NA,NA,NA,NA,NA,NA
1305,14,A8,A,8,17-Feb,24 hours,17-Feb,20-Feb,21-Feb,1 day,3,62,"Plastic, no yeast",3,328,H,S,HS,14_A8,S,S,S,S,74.5695343,N,NA,NA,NA,NA,NA,NA,NA,NA
1306,14,B8,B,8,17-Feb,24 hours,17-Feb,20-Feb,21-Feb,1 day,3,62,"Plastic, no yeast",3,328,S,H,SH,14_B8,S,S,NA,H,73.52472687,N,NA,NA,NA,NA,NA,NA,NA,NA
1321,14,A10,A,10,17-Feb,24 hours,17-Feb,20-Feb,21-Feb,1 day,3,62,"Plastic, no yeast",3,328,H,S,HS,14_A10,NA,H,NA,NA,81.72120667,N,NA,NA,NA,NA,NA,NA,NA,NA
1330,14,B11,B,11,17-Feb,24 hours,17-Feb,20-Feb,21-Feb,1 day,3,62,"Plastic, no yeast",3,328,S,H,SH,14_B11,S,S,S,H,78.29356384,Y,NA,NA,NA,NA,NA,NA,NA,NA
1334,14,F11,F,11,17-Feb,24 hours,17-Feb,20-Feb,21-Feb,1 day,3,62,"Plastic, no yeast",3,328,S,H,SH,14_F11,S,S,S,S,74.86595917,N,NA,NA,NA,NA,NA,NA,NA,NA
1342,14,F12,F,12,17-Feb,24 hours,17-Feb,20-Feb,21-Feb,1 day,3,62,"Plastic, no yeast",3,328,H,S,HS,14_F12,NA,H,H,NA,78.44335938,Y,NA,NA,NA,NA,NA,NA,NA,NA
1343,14,G12,G,12,17-Feb,24 hours,17-Feb,20-Feb,21-Feb,1 day,3,62,"Plastic, no yeast",3,328,H,S,HS,14_G12,NA,H,H,NA,85.44603729,N,NA,NA,NA,NA,NA,NA,NA,NA
1344,14,H12,H,12,17-Feb,24 hours,17-Feb,20-Feb,21-Feb,1 day,3,62,"Plastic, no yeast",3,328,H,S,HS,14_H12,NA,H,H,S,74.27155304,N,NA,NA,NA,NA,NA,NA,NA,NA
1349,15,E1,E,1,17-Feb,24 hours,17-Feb,20-Feb,21-Feb,1 day,3,62,"Plastic, no yeast",3,328,H,S,HS,15_E1,NA,NA,NA,NA,78.29436493,Y,NA,NA,NA,NA,NA,NA,NA,NA
1350,15,F1,F,1,17-Feb,24 hours,17-Feb,20-Feb,21-Feb,1 day,3,62,"Plastic, no yeast",3,328,H,S,HS,15_F1,H,H,H,NA,78.29436493,Y,NA,NA,NA,NA,NA,NA,NA,NA
1352,15,H1,H,1,17-Feb,24 hours,17-Feb,20-Feb,21-Feb,1 day,3,62,"Plastic, no yeast",3,328,H,S,HS,15_H1,H,H,H,NA,78.29436493,Y,NA,NA,NA,NA,NA,NA,NA,NA
1356,15,D2,D,2,17-Feb,24 hours,17-Feb,20-Feb,21-Feb,1 day,3,62,"Plastic, no yeast",3,328,H,S,HS,15_D2,NA,NA,NA,NA,73.8245697,N,NA,NA,NA,NA,NA,NA,NA,NA
1359,15,G2,G,2,17-Feb,24 hours,17-Feb,20-Feb,21-Feb,1 day,3,62,"Plastic, no yeast",3,328,H,S,HS,15_G2,NA,NA,NA,NA,74.12255859,N,NA,NA,NA,NA,NA,NA,NA,NA
1372,15,D4,D,4,17-Feb,24 hours,17-Feb,20-Feb,21-Feb,1 day,3,62,"Plastic, no yeast",3,328,H,S,HS,15_D4,NA,NA,NA,NA,78.14981842,Y,NA,NA,NA,NA,NA,NA,NA,NA
1377,15,A5,A,5,17-Feb,24 hours,17-Feb,20-Feb,21-Feb,1 day,3,62,"Plastic, no yeast",3,328,H,S,HS,15_A5,NA,NA,H,NA,78.44779205,Y,NA,NA,NA,NA,NA,NA,NA,NA
1379,15,C5,C,5,17-Feb,24 hours,17-Feb,20-Feb,21-Feb,1 day,3,62,"Plastic, no yeast",3,328,H,S,HS,15_C5,NA,NA,H,NA,78.14981842,Y,NA,NA,NA,NA,NA,NA,NA,NA
1385,15,A6,A,6,17-Feb,24 hours,17-Feb,20-Feb,21-Feb,1 day,3,62,"Plastic, no yeast",3,328,S,H,SH,15_A6,NA,NA,H,NA,77.99319458,Y,NA,NA,NA,NA,NA,NA,NA,NA
1386,15,B6,B,6,17-Feb,24 hours,17-Feb,20-Feb,21-Feb,1 day,3,62,"Plastic, no yeast",3,328,H,S,HS,15_B6,NA,H,NA,NA,81.87454987,N,NA,NA,NA,NA,NA,NA,NA,NA
1390,15,F6,F,6,17-Feb,24 hours,17-Feb,20-Feb,21-Feb,1 day,3,62,"Plastic, no yeast",3,328,H,S,HS,15_F6,NA,NA,NA,NA,78.29880524,Y,NA,NA,NA,NA,NA,NA,NA,NA
1400,15,H7,H,7,17-Feb,24 hours,17-Feb,20-Feb,21-Feb,1 day,3,62,"Plastic, no yeast",3,328,H,S,HS,15_H7,H,NA,H,NA,78.14981842,Y,NA,NA,NA,NA,NA,NA,NA,NA
1409,15,A9,A,9,17-Feb,24 hours,17-Feb,20-Feb,21-Feb,1 day,3,62,"Plastic, no yeast",3,328,H,S,HS,15_A9,NA,NA,NA,NA,74.27609253,N,NA,NA,NA,NA,NA,NA,NA,NA
1415,15,G9,G,9,17-Feb,24 hours,17-Feb,20-Feb,21-Feb,1 day,3,62,"Plastic, no yeast",3,328,H,S,HS,15_G9,NA,H,H,H,78.44779205,Y,NA,NA,NA,NA,NA,NA,NA,NA
1422,15,F10,F,10,17-Feb,24 hours,17-Feb,20-Feb,21-Feb,1 day,3,62,"Plastic, no yeast",3,328,S,H,SH,15_F10,S,S,S,NA,73.97026062,N,NA,NA,NA,NA,NA,NA,NA,NA
1424,15,H10,H,10,17-Feb,24 hours,17-Feb,20-Feb,21-Feb,1 day,3,62,"Plastic, no yeast",3,328,H,S,HS,15_H10,NA,H,H,NA,78.00082397,Y,NA,NA,NA,NA,NA,NA,NA,NA
1425,15,A11,A,11,17-Feb,24 hours,17-Feb,20-Feb,21-Feb,1 day,3,62,"Plastic, no yeast",3,328,H,S,HS,15_A11,NA,NA,H,NA,73.82912445,N,NA,NA,NA,NA,NA,NA,NA,NA
1436,15,D12,D,12,17-Feb,24 hours,17-Feb,20-Feb,21-Feb,1 day,3,62,"Plastic, no yeast",3,328,H,S,HS,15_D12,NA,NA,H,NA,73.9781189,N,NA,NA,NA,NA,NA,NA,NA,NA
1449,16,A2,A,2,17-Feb,24 hours,17-Feb,20-Feb,21-Feb,1 day,3,62,"Plastic, no yeast",3,328,H,S,HS,16_A2,H,H,H,H,80.83161926,N,NA,NA,NA,NA,NA,NA,NA,NA
1452,16,D2,D,2,17-Feb,24 hours,17-Feb,20-Feb,21-Feb,1 day,3,62,"Plastic, no yeast",3,328,H,S,HS,16_D2,H,H,H,H,78.14981842,Y,NA,NA,NA,NA,NA,NA,NA,NA
1455,16,G2,G,2,17-Feb,24 hours,17-Feb,20-Feb,21-Feb,1 day,3,62,"Plastic, no yeast",3,328,H,S,HS,16_G2,H,H,H,H,81.42758179,N,NA,NA,NA,NA,NA,NA,NA,NA
1465,16,A4,A,4,17-Feb,24 hours,17-Feb,20-Feb,21-Feb,1 day,3,62,"Plastic, no yeast",3,328,H,S,HS,16_A4,H,H,H,NA,74.72306061,N,NA,NA,NA,NA,NA,NA,NA,NA
1473,16,A5,A,5,17-Feb,24 hours,17-Feb,20-Feb,21-Feb,1 day,3,62,"Plastic, no yeast",3,328,H,S,HS,16_A5,NA,H,H,H,79.34172821,N,NA,NA,NA,NA,NA,NA,NA,NA
1482,16,B6,B,6,17-Feb,24 hours,17-Feb,20-Feb,21-Feb,1 day,3,62,"Plastic, no yeast",3,328,H,S,HS,16_B6,NA,NA,NA,NA,74.41955566,N,NA,NA,NA,NA,NA,NA,NA,NA
1483,16,C6,C,6,17-Feb,24 hours,17-Feb,20-Feb,21-Feb,1 day,3,62,"Plastic, no yeast",3,328,H,S,HS,16_C6,NA,NA,NA,NA,78.44160461,Y,NA,NA,NA,NA,NA,NA,NA,NA
1485,16,E6,E,6,17-Feb,24 hours,17-Feb,20-Feb,21-Feb,1 day,3,62,"Plastic, no yeast",3,328,H,S,HS,16_E6,H,H,H,H,80.52711487,N,NA,NA,NA,NA,NA,NA,NA,NA
1491,16,C7,C,7,17-Feb,24 hours,17-Feb,20-Feb,21-Feb,1 day,3,62,"Plastic, no yeast",3,328,H,S,HS,16_C7,NA,H,H,NA,78.14367676,Y,NA,NA,NA,NA,NA,NA,NA,NA
1495,16,G7,G,7,17-Feb,24 hours,17-Feb,20-Feb,21-Feb,1 day,3,62,"Plastic, no yeast",3,328,H,S,HS,16_G7,H,H,H,H,78.29264069,Y,NA,NA,NA,NA,NA,NA,NA,NA
1500,16,D8,D,8,17-Feb,24 hours,17-Feb,20-Feb,21-Feb,1 day,3,62,"Plastic, no yeast",3,328,S,H,SH,16_D8,NA,NA,NA,NA,73.82126617,N,NA,NA,NA,NA,NA,NA,NA,NA
1501,16,E8,E,8,17-Feb,24 hours,17-Feb,20-Feb,21-Feb,1 day,3,62,"Plastic, no yeast",3,328,S,H,SH,16_E8,H,NA,H,NA,77.99319458,Y,NA,NA,NA,NA,NA,NA,NA,NA
1504,16,H8,H,8,17-Feb,24 hours,17-Feb,20-Feb,21-Feb,1 day,3,62,"Plastic, no yeast",3,328,S,H,SH,16_H8,S,S,S,S,77.99319458,Y,NA,NA,NA,NA,NA,NA,NA,NA
1522,16,B11,B,11,17-Feb,24 hours,17-Feb,20-Feb,21-Feb,1 day,3,62,"Plastic, no yeast",3,328,S,H,SH,16_B11,NA,NA,NA,NA,77.99319458,Y,NA,NA,NA,NA,NA,NA,NA,NA
1534,16,F12,F,12,17-Feb,24 hours,17-Feb,20-Feb,21-Feb,1 day,3,62,"Plastic, no yeast",3,328,S,H,SH,16_F12,H,H,H,H,78.14218903,Y,NA,NA,NA,NA,NA,NA,NA,NA
1537,17,A1,A,1,17-Feb,24 hours,17-Feb,20-Feb,21-Feb,1 day,3,62,"Plastic, no yeast",3,328,H,S,HS,17_A1,NA,NA,NA,NA,81.42089844,N,NA,NA,NA,NA,NA,NA,NA,NA
1543,17,G1,G,1,17-Feb,24 hours,17-Feb,20-Feb,21-Feb,1 day,3,62,"Plastic, no yeast",3,328,H,S,HS,17_G1,H,H,H,S,78.44160461,Y,NA,NA,NA,NA,NA,NA,NA,NA
1547,17,C2,C,2,17-Feb,24 hours,17-Feb,20-Feb,21-Feb,1 day,3,62,"Plastic, no yeast",3,328,H,S,HS,17_C2,H,H,H,S,69.35475159,N,NA,NA,NA,NA,NA,NA,NA,NA
1560,17,H3,H,3,18-Feb,24 hours,18-Feb,21-Feb,21-Feb,1 day,3,62,"Plastic, no yeast",3,161,H,S,HS,17_H3,NA,NA,NA,NA,74.12162781,N,NA,NA,NA,NA,NA,NA,NA,NA
1566,17,F4,F,4,18-Feb,24 hours,18-Feb,21-Feb,21-Feb,1 day,3,62,"Plastic, no yeast",3,161,H,S,HS,17_F4,NA,NA,H,NA,74.27059174,N,NA,NA,NA,NA,NA,NA,NA,NA
1568,17,H4,H,4,18-Feb,24 hours,18-Feb,21-Feb,21-Feb,1 day,3,62,"Plastic, no yeast",3,161,H,S,HS,17_H4,H,H,H,H,78.44160461,Y,NA,NA,NA,NA,NA,NA,NA,NA
1571,17,C5,C,5,18-Feb,24 hours,18-Feb,21-Feb,21-Feb,1 day,3,62,"Plastic, no yeast",3,161,S,H,SH,17_C5,S,S,S,NA,76.05622864,N,NA,NA,NA,NA,NA,NA,NA,NA
1577,17,A6,A,6,18-Feb,24 hours,18-Feb,21-Feb,21-Feb,1 day,3,62,"Plastic, no yeast",3,161,S,H,SH,17_A6,H,H,H,H,80.07915497,N,NA,NA,NA,NA,NA,NA,NA,NA
1581,17,E6,E,6,18-Feb,24 hours,18-Feb,21-Feb,21-Feb,1 day,3,62,"Plastic, no yeast",3,161,H,S,HS,17_E6,H,H,H,H,75.46231079,N,NA,NA,NA,NA,NA,NA,NA,NA
1584,17,H6,H,6,18-Feb,24 hours,18-Feb,21-Feb,21-Feb,1 day,3,62,"Plastic, no yeast",3,161,H,S,HS,17_H6,H,H,H,H,78.14367676,Y,NA,NA,NA,NA,NA,NA,NA,NA
1589,17,E7,E,7,18-Feb,24 hours,18-Feb,21-Feb,21-Feb,1 day,3,62,"Plastic, no yeast",3,161,H,S,HS,17_E7,NA,H,H,H,78.14367676,Y,NA,NA,NA,NA,NA,NA,NA,NA
1594,17,B8,B,8,18-Feb,24 hours,18-Feb,21-Feb,21-Feb,1 day,3,62,"Plastic, no yeast",3,161,H,S,HS,17_B8,H,H,H,S,78.29264069,Y,NA,NA,NA,NA,NA,NA,NA,NA
1609,17,A10,A,10,18-Feb,24 hours,18-Feb,21-Feb,21-Feb,1 day,3,62,"Plastic, no yeast",3,161,S,H,SH,17_A10,NA,NA,NA,NA,74.71524811,N,NA,NA,NA,NA,NA,NA,NA,NA
1611,17,C10,C,10,18-Feb,24 hours,18-Feb,21-Feb,21-Feb,1 day,3,62,"Plastic, no yeast",3,161,H,S,HS,17_C10,H,NA,H,NA,74.71853638,N,NA,NA,NA,NA,NA,NA,NA,NA
1632,17,H12,H,12,18-Feb,24 hours,18-Feb,21-Feb,21-Feb,1 day,3,62,"Plastic, no yeast",3,161,H,S,HS,17_H12,H,H,H,H,74.42053986,N,NA,NA,NA,NA,NA,NA,NA,NA
1635,18,C1,C,1,18-Feb,24 hours,18-Feb,21-Feb,21-Feb,1 day,3,62,"Plastic, no yeast",3,161,H,S,HS,18_C1,NA,H,NA,S,74.12253571,N,NA,NA,NA,NA,NA,NA,NA,NA
1640,18,H1,H,1,18-Feb,24 hours,18-Feb,21-Feb,21-Feb,1 day,3,62,"Plastic, no yeast",3,161,H,S,HS,18_H1,H,S,NA,S,77.99655151,Y,NA,NA,NA,NA,NA,NA,NA,NA
1646,18,F2,F,2,18-Feb,24 hours,18-Feb,21-Feb,21-Feb,1 day,3,62,"Plastic, no yeast",3,161,S,H,SH,18_F2,NA,H,NA,H,77.8441925,Y,NA,NA,NA,NA,NA,NA,NA,NA
1660,18,D4,D,4,18-Feb,24 hours,18-Feb,21-Feb,21-Feb,1 day,3,62,"Plastic, no yeast",3,161,S,H,SH,18_D4,S,S,S,S,75.31954956,N,NA,NA,NA,NA,NA,NA,NA,NA
1678,18,F6,F,6,18-Feb,24 hours,18-Feb,21-Feb,21-Feb,1 day,3,62,"Plastic, no yeast",3,161,H,S,HS,18_F6,H,H,H,S,77.84754944,Y,NA,NA,NA,NA,NA,NA,NA,NA
1679,18,G6,G,6,18-Feb,24 hours,18-Feb,21-Feb,21-Feb,1 day,3,62,"Plastic, no yeast",3,161,H,S,HS,18_G6,NA,H,H,H,75.91054535,N,NA,NA,NA,NA,NA,NA,NA,NA
1684,18,D7,D,7,18-Feb,24 hours,18-Feb,21-Feb,21-Feb,1 day,3,62,"Plastic, no yeast",3,161,H,S,HS,18_D7,NA,H,H,H,73.97354126,N,NA,NA,NA,NA,NA,NA,NA,NA
1685,18,E7,E,7,18-Feb,24 hours,18-Feb,21-Feb,21-Feb,1 day,3,62,"Plastic, no yeast",3,161,S,H,SH,18_E7,NA,NA,S,S,80.53387451,N,NA,NA,NA,NA,NA,NA,NA,NA
1687,18,G7,G,7,18-Feb,24 hours,18-Feb,21-Feb,21-Feb,1 day,3,62,"Plastic, no yeast",3,161,H,S,HS,18_G7,NA,S,NA,S,77.99655151,Y,NA,NA,NA,NA,NA,NA,NA,NA
1691,18,C8,C,8,18-Feb,24 hours,18-Feb,21-Feb,21-Feb,1 day,3,62,"Plastic, no yeast",3,161,H,S,HS,18_C8,H,H,NA,H,80.52955627,N,NA,NA,NA,NA,NA,NA,NA,NA
1725,18,E12,E,12,19-Feb,24 hours,19-Feb,22-Feb,25-Feb,3 days,3,35,"Plastic, no yeast",3,147,H,S,HS,18_E12,H,H,H,H,80.23155212,N,NA,NA,NA,NA,NA,NA,NA,NA
1726,18,F12,F,12,19-Feb,24 hours,19-Feb,22-Feb,25-Feb,3 days,3,35,"Plastic, no yeast",3,147,S,H,SH,18_F12,NA,S,S,S,78.00120544,Y,NA,NA,NA,NA,NA,NA,NA,NA
1831,20,G1,G,1,19-Feb,24 hours,19-Feb,22-Feb,25-Feb,3 days,3,35,"Plastic, no yeast",3,147,S,H,SH,20_G1,NA,H,H,H,80.53387451,N,NA,NA,NA,NA,NA,NA,NA,NA
1833,20,A2,A,2,19-Feb,24 hours,19-Feb,22-Feb,25-Feb,3 days,3,35,"Plastic, no yeast",3,147,H,S,HS,20_A2,H,H,H,S,73.82453918,N,NA,NA,NA,NA,NA,NA,NA,NA
1876,20,D7,D,7,20-Feb,24 hours,20-Feb,22-Feb,25-Feb,3 days,2,50,"Plastic, no yeast",3,61,S,H,SH,20_D7,S,S,S,S,80.6828537,N,NA,NA,NA,NA,NA,NA,NA,NA
1884,20,D8,D,8,20-Feb,24 hours,20-Feb,22-Feb,25-Feb,3 days,2,50,"Plastic, no yeast",3,61,H,S,HS,20_D8,H,H,H,S,80.52955627,N,NA,NA,NA,NA,NA,NA,NA,NA
1904,20,H10,H,10,20-Feb,24 hours,20-Feb,22-Feb,25-Feb,3 days,2,50,"Plastic, no yeast",3,61,S,H,SH,20_H10,S,NA,H,H,78.44814301,Y,NA,NA,NA,NA,NA,NA,NA,NA
1916,20,D12,D,12,20-Feb,24 hours,20-Feb,22-Feb,25-Feb,3 days,2,50,"Plastic, no yeast",3,61,H,S,HS,20_D12,NA,NA,H,NA,80.3805542,N,NA,NA,NA,NA,NA,NA,NA,NA
1920,20,H12,H,12,20-Feb,24 hours,20-Feb,22-Feb,25-Feb,3 days,2,50,"Plastic, no yeast",3,61,S,H,SH,20_H12,S,NA,S,H,80.53387451,N,NA,NA,NA,NA,NA,NA,NA,NA
S114,S2,SB3,B,3,NA,Overnight,NA,14-Nov,NA,3 hours,2,NA,"Plastic, no yeast",1,NA,S,H,SH,S2_B3,S,NA,NA,NA,74.40356445,N,NA,NA,NA,NA,NA,NA,NA,NA
S117,S2,SE3,E,3,NA,Overnight,NA,14-Nov,NA,3 hours,2,NA,"Plastic, no yeast",1,NA,H,S,HS,S2_E3,H,H,H,H,80.68167877,N,NA,NA,NA,NA,NA,NA,NA,NA
S12,S1,SD2,D,2,NA,Overnight,NA,11-Nov,NA,3 hours,2,NA,"Plastic, no yeast",1,NA,H,S,HS,S1_D2,H,H,H,H,78.59576416,Y,NA,NA,NA,NA,NA,NA,NA,NA
S121,S2,SA4,A,4,NA,Overnight,NA,16-Nov,NA,3 hours,2,NA,"Plastic, no yeast",1,NA,S,H,SH,S2_A4,S,S,NA,H,75.29803467,N,NA,NA,NA,NA,NA,NA,NA,NA
S130,S2,SB5,B,5,NA,Overnight,NA,16-Nov,NA,3 hours,2,NA,"Plastic, no yeast",1,NA,H,S,HS,S2_B5,S,S,S,S,78.29777527,Y,NA,NA,NA,NA,NA,NA,NA,NA
S141,S2,SE6,E,6,NA,Overnight,NA,16-Nov,NA,3 hours,2,NA,"Plastic, no yeast",1,NA,S,H,SH,S2_E6,H,H,NA,NA,78.13052368,Y,NA,NA,NA,NA,NA,NA,NA,NA
S148,S2,SD7,D,7,NA,Overnight,NA,16-Nov,NA,3 hours,2,NA,"Plastic, no yeast",1,NA,S,H,SH,S2_D7,H,H,NA,H,78.13052368,Y,NA,NA,NA,NA,NA,NA,NA,NA
S150,S2,SF7,F,7,NA,Overnight,NA,16-Nov,NA,3 hours,2,NA,"Plastic, no yeast",1,NA,H,S,HS,S2_F7,H,H,H,H,78.29777527,Y,NA,NA,NA,NA,NA,NA,NA,NA
S168,S2,SH9,H,9,NA,Overnight,NA,16-Nov,NA,3 hours,2,NA,"Plastic, no yeast",1,NA,H,S,HS,S2_H9,H,H,H,H,80.97966766,N,NA,NA,NA,NA,NA,NA,NA,NA
S174,S2,SF10,F,10,NA,Overnight,NA,16-Nov,NA,3 hours,2,NA,"Plastic, no yeast",1,NA,S,H,SH,S2_F10,S,S,NA,S,74.25448608,N,NA,NA,NA,NA,NA,NA,NA,NA
S176,S2,SH10,H,10,NA,Overnight,NA,16-Nov,NA,3 hours,2,NA,"Plastic, no yeast",1,NA,H,S,HS,S2_H10,H,H,H,H,78.59576416,Y,NA,NA,NA,NA,NA,NA,NA,NA
S179,S2,SC11,C,11,NA,Overnight,NA,16-Nov,NA,3 hours,2,NA,"Plastic, no yeast",1,NA,H,S,HS,S2_C11,S,S,S,S,78.15061188,Y,NA,NA,NA,NA,NA,NA,NA,NA
S185,S2,SA12,A,12,NA,Overnight,NA,16-Nov,NA,3 hours,2,NA,"Plastic, no yeast",1,NA,S,H,SH,S2_A12,H,H,NA,H,77.98144531,Y,NA,NA,NA,NA,NA,NA,NA,NA
S19,S1,SC3,C,3,NA,Overnight,NA,11-Nov,NA,3 hours,2,NA,"Plastic, no yeast",1,NA,H,S,HS,S1_C3,H,H,H,H,78.29777527,Y,NA,NA,NA,NA,NA,NA,NA,NA
S196,S3,SD1,D,1,NA,Overnight,NA,19-Nov,NA,3 hours,2,NA,"Plastic, no yeast",1,NA,H,S,HS,S3_D1,NA,NA,NA,NA,78.29956818,Y,NA,NA,NA,NA,NA,NA,NA,NA
S198,S3,SF1,F,1,NA,Overnight,NA,19-Nov,NA,3 hours,2,NA,"Plastic, no yeast",1,NA,H,S,HS,S3_F1,NA,NA,NA,NA,78.29956818,Y,NA,NA,NA,NA,NA,NA,NA,NA
S204,S3,SD2,D,2,NA,Overnight,NA,19-Nov,NA,3 hours,2,NA,"Plastic, no yeast",1,NA,H,S,HS,S3_D2,NA,NA,NA,NA,79.78916168,N,NA,NA,NA,NA,NA,NA,NA,NA
S206,S3,SF2,F,2,NA,Overnight,NA,19-Nov,NA,3 hours,2,NA,"Plastic, no yeast",1,NA,H,S,HS,S3_F2,NA,NA,NA,NA,76.66101837,N,NA,NA,NA,NA,NA,NA,NA,NA
S208,S3,SH2,H,2,NA,Overnight,NA,19-Nov,NA,3 hours,2,NA,"Plastic, no yeast",1,NA,H,S,HS,S3_H2,NA,NA,NA,NA,80.53395844,N,NA,NA,NA,NA,NA,NA,NA,NA
S210,S3,SB3,B,3,NA,Overnight,NA,19-Nov,NA,3 hours,2,NA,"Plastic, no yeast",1,NA,H,S,HS,S3_B3,NA,NA,NA,NA,78.4485321,Y,NA,NA,NA,NA,NA,NA,NA,NA
S217,S3,SA4,A,4,NA,Overnight,NA,19-Nov,NA,3 hours,2,NA,"Plastic, no yeast",1,NA,H,S,HS,S3_A4,NA,NA,NA,NA,80.08708191,N,NA,NA,NA,NA,NA,NA,NA,NA
S235,S3,SC6,C,6,NA,Overnight,NA,19-Nov,NA,3 hours,2,NA,"Plastic, no yeast",1,NA,H,S,HS,S3_C6,NA,NA,NA,NA,78.4485321,Y,NA,NA,NA,NA,NA,NA,NA,NA
S236,S3,SD6,D,6,NA,Overnight,NA,19-Nov,NA,3 hours,2,NA,"Plastic, no yeast",1,NA,H,S,HS,S3_D6,NA,NA,NA,NA,78.29956818,Y,NA,NA,NA,NA,NA,NA,NA,NA
S241,S3,SA7,A,7,NA,Overnight,NA,19-Nov,NA,3 hours,2,NA,"Plastic, no yeast",1,NA,H,S,HS,S3_A7,NA,NA,NA,NA,78.29652405,Y,NA,NA,NA,NA,NA,NA,NA,NA
S251,S3,SC8,C,8,NA,Overnight,NA,19-Nov,NA,3 hours,2,NA,"Plastic, no yeast",1,NA,H,S,HS,S3_C8,NA,NA,NA,NA,78.15061188,Y,NA,NA,NA,NA,NA,NA,NA,NA
S263,S3,SG9,G,9,NA,Overnight,NA,19-Nov,NA,3 hours,2,NA,"Plastic, no yeast",1,NA,S,H,SH,S3_G9,NA,NA,NA,NA,81.26117706,N,NA,NA,NA,NA,NA,NA,NA,NA
S265,S3,SA10,A,10,NA,Overnight,NA,19-Nov,NA,3 hours,2,NA,"Plastic, no yeast",1,NA,H,S,HS,S3_A10,NA,NA,NA,NA,78.29956818,Y,NA,NA,NA,NA,NA,NA,NA,NA
S267,S3,SC10,C,10,NA,Overnight,NA,19-Nov,NA,3 hours,2,NA,"Plastic, no yeast",1,NA,H,S,HS,S3_C10,NA,NA,NA,NA,78.15061188,Y,NA,NA,NA,NA,NA,NA,NA,NA
S268,S3,SD10,D,10,NA,Overnight,NA,19-Nov,NA,3 hours,2,NA,"Plastic, no yeast",1,NA,H,S,HS,S3_D10,NA,NA,NA,NA,80.53395844,N,NA,NA,NA,NA,NA,NA,NA,NA
S269,S3,SE10,E,10,NA,Overnight,NA,19-Nov,NA,3 hours,2,NA,"Plastic, no yeast",1,NA,H,S,HS,S3_E10,NA,NA,NA,NA,78.29956818,Y,NA,NA,NA,NA,NA,NA,NA,NA
S287,S3,SG12,G,12,NA,Overnight,NA,20-Nov,NA,3 hours,2,NA,"Plastic, no yeast",1,NA,H,S,HS,S3_G12,NA,NA,NA,NA,78.29956818,Y,NA,NA,NA,NA,NA,NA,NA,NA
S35,S1,SC5,C,5,NA,Overnight,NA,11-Nov,NA,3 hours,2,NA,"Plastic, no yeast",1,NA,H,S,HS,S1_C5,H,H,H,H,78.29777527,Y,NA,NA,NA,NA,NA,NA,NA,NA
S37,S1,SE5,E,5,NA,Overnight,NA,11-Nov,NA,3 hours,2,NA,"Plastic, no yeast",1,NA,H,S,HS,S1_E5,H,H,H,H,74.12594604,N,NA,NA,NA,NA,NA,NA,NA,NA
S52,S1,SD7,D,7,NA,Overnight,NA,11-Nov,NA,3 hours,2,NA,"Plastic, no yeast",1,NA,S,H,SH,S1_D7,H,NA,H,NA,75.45327759,N,NA,NA,NA,NA,NA,NA,NA,NA
S74,S1,SB10,B,10,NA,Overnight,NA,14-Nov,NA,3 hours,2,NA,"Plastic, no yeast",1,NA,S,H,SH,S1_B10,H,H,H,H,78.13691711,Y,NA,NA,NA,NA,NA,NA,NA,NA
S75,S1,SC10,C,10,NA,Overnight,NA,14-Nov,NA,3 hours,2,NA,"Plastic, no yeast",1,NA,S,H,SH,S1_C10,H,H,H,H,78.13691711,Y,NA,NA,NA,NA,NA,NA,NA,NA
S76,S1,SD10,D,10,NA,Overnight,NA,14-Nov,NA,3 hours,2,NA,"Plastic, no yeast",1,NA,H,S,HS,S1_D10,H,H,H,H,74.57292175,N,NA,NA,NA,NA,NA,NA,NA,NA
S77,S1,SE10,E,10,NA,Overnight,NA,14-Nov,NA,3 hours,2,NA,"Plastic, no yeast",1,NA,H,S,HS,S1_E10,S,S,S,S,74.27493286,N,NA,NA,NA,NA,NA,NA,NA,NA
S78,S1,SF10,F,10,NA,Overnight,NA,14-Nov,NA,3 hours,2,NA,"Plastic, no yeast",1,NA,S,H,SH,S1_F10,H,H,H,H,80.52236938,N,NA,NA,NA,NA,NA,NA,NA,NA
S79,S1,SG10,G,10,NA,Overnight,NA,14-Nov,NA,3 hours,2,NA,"Plastic, no yeast",1,NA,H,S,HS,S1_G10,S,S,S,S,78.59576416,Y,NA,NA,NA,NA,NA,NA,NA,NA
S81,S1,SA11,A,11,NA,Overnight,NA,14-Nov,NA,3 hours,2,NA,"Plastic, no yeast",1,NA,H,S,HS,S1_A11,H,H,H,H,78.29777527,Y,NA,NA,NA,NA,NA,NA,NA,NA
S83,S1,SC11,C,11,NA,Overnight,NA,14-Nov,NA,3 hours,2,NA,"Plastic, no yeast",1,NA,S,H,SH,S1_C11,S,S,S,S,78.13691711,Y,NA,NA,NA,NA,NA,NA,NA,NA
S86,S1,SF11,F,11,NA,Overnight,NA,14-Nov,NA,3 hours,2,NA,"Plastic, no yeast",1,NA,H,S,HS,S1_F11,H,H,H,H,77.99978638,Y,NA,NA,NA,NA,NA,NA,NA,NA
S93,S1,SE12,E,12,NA,Overnight,NA,14-Nov,NA,3 hours,2,NA,"Plastic, no yeast",1,NA,S,H,SH,S1_E12,H,H,H,H,78.13052368,Y,NA,NA,NA,NA,NA,NA,NA,NA
S94,S1,SF12,F,12,NA,Overnight,NA,14-Nov,NA,3 hours,2,NA,"Plastic, no yeast",1,NA,H,S,HS,S1_F12,H,H,H,S,74.7219162,N,NA,NA,NA,NA,NA,NA,NA,NA
